CO_MUN_GEO;NO_MUN;NO_MUN_MIN;CO_MUN_ATUALIZADOS
1718899;SANTA RITA DO TOCANTINS;Santa Rita do Tocantins;1718899
1718907;SANTA ROSA DO TOCANTINS;Santa Rosa do Tocantins;1718907
1100015;ALTA FLORESTA D'OESTE;Alta Floresta D'Oeste;1100015
1100023;ARIQUEMES;Ariquemes;1100023
1100031;CABIXI;Cabixi;1100031
1100049;CACOAL;Cacoal;1100049
1100056;CEREJEIRAS;Cerejeiras;1100056
1100064;COLORADO DO OESTE;Colorado do Oeste;1100064
1100072;CORUMBIARA;Corumbiara;1100072
1100080;COSTA MARQUES;Costa Marques;1100080
1100098;ESPIGAO D'OESTE;Espigão D'Oeste;1100098
1100106;GUAJARA-MIRIM;Guajará-Mirim;1100106
1100114;JARU;Jaru;1100114
1100122;JI-PARANA;Ji-Paraná;1100122
1100130;MACHADINHO D'OESTE;Machadinho D'Oeste;1100130
1100148;NOVA BRASILANDIA D'OESTE;Nova Brasilândia D'Oeste;1100148
1100155;OURO PRETO DO OESTE;Ouro Preto do Oeste;1100155
1100189;PIMENTA BUENO;Pimenta Bueno;1100189
1100205;PORTO VELHO;Porto Velho;1100205
1100254;PRESIDENTE MEDICI;Presidente Médici;1100254
1100262;RIO CRESPO;Rio Crespo;1100262
1100288;ROLIM DE MOURA;Rolim de Moura;1100288
1100296;SANTA LUZIA D'OESTE;Santa Luzia D'Oeste;1100296
1100304;VILHENA;Vilhena;1100304
1100320;SAO MIGUEL DO GUAPORE;São Miguel do Guaporé;1100320
1100338;NOVA MAMORE;Nova Mamoré;1100338
1100346;ALVORADA D'OESTE;Alvorada D'Oeste;1100346
1100379;ALTO ALEGRE DOS PARECIS;Alto Alegre dos Parecis;1100379
1100403;ALTO PARAISO;Alto Paraíso;1100403
1100452;BURITIS;Buritis;1100452
1100502;NOVO HORIZONTE DO OESTE;Novo Horizonte do Oeste;1100502
1100601;CACAULANDIA;Cacaulândia;1100601
1100700;CAMPO NOVO DE RONDONIA;Campo Novo de Rondônia;1100700
1100809;CANDEIAS DO JAMARI;Candeias do Jamari;1100809
1100908;CASTANHEIRAS;Castanheiras;1100908
1100924;CHUPINGUAIA;Chupinguaia;1100924
1100940;CUJUBIM;Cujubim;1100940
1101005;GOVERNADOR JORGE TEIXEIRA;Governador Jorge Teixeira;1101005
1101104;ITAPUA DO OESTE;Itapuã do Oeste;1101104
1101203;MINISTRO ANDREAZZA;Ministro Andreazza;1101203
1101302;MIRANTE DA SERRA;Mirante da Serra;1101302
1101401;MONTE NEGRO;Monte Negro;1101401
1101435;NOVA UNIAO;Nova União;1101435
1101450;PARECIS;Parecis;1101450
1101468;PIMENTEIRAS DO OESTE;Pimenteiras do Oeste;1101468
1101476;PRIMAVERA DE RONDONIA;Primavera de Rondônia;1101476
1101484;SAO FELIPE D'OESTE;São Felipe D'Oeste;1101484
1101492;SAO FRANCISCO DO GUAPORE;São Francisco do Guaporé;1101492
1101500;SERINGUEIRAS;Seringueiras;1101500
1101559;TEIXEIROPOLIS;Teixeirópolis;1101559
1101609;THEOBROMA;Theobroma;1101609
1101708;URUPA;Urupá;1101708
1101757;VALE DO ANARI;Vale do Anari;1101757
1101807;VALE DO PARAISO;Vale do Paraíso;1101807
1200013;ACRELANDIA;Acrelândia;1200013
1200054;ASSIS BRASIL;Assis Brasil;1200054
1200104;BRASILEIA;Brasiléia;1200104
1200138;BUJARI;Bujari;1200138
1200179;CAPIXABA;Capixaba;1200179
1200203;CRUZEIRO DO SUL;Cruzeiro do Sul;1200203
1200252;EPITACIOLANDIA;Epitaciolândia;1200252
1200302;FEIJO;Feijó;1200302
1200328;JORDAO;Jordão;1200328
1200336;MANCIO LIMA;Mâncio Lima;1200336
1200344;MANOEL URBANO;Manoel Urbano;1200344
1200351;MARECHAL THAUMATURGO;Marechal Thaumaturgo;1200351
1200385;PLACIDO DE CASTRO;Plácido de Castro;1200385
1200393;PORTO WALTER;Porto Walter;1200393
1200401;RIO BRANCO;Rio Branco;1200401
1200427;RODRIGUES ALVES;Rodrigues Alves;1200427
1200435;SANTA ROSA DO PURUS;Santa Rosa do Purus;1200435
1200450;SENADOR GUIOMARD;Senador Guiomard;1200450
1200500;SENA MADUREIRA;Sena Madureira;1200500
1200609;TARAUACA;Tarauacá;1200609
1200708;XAPURI;Xapuri;1200708
1200807;PORTO ACRE;Porto Acre;1200807
1300029;ALVARAES;Alvarães;1300029
1300060;AMATURA;Amaturá;1300060
1300086;ANAMA;Anamã;1300086
1300102;ANORI;Anori;1300102
1300144;APUI;Apuí;1300144
1300201;ATALAIA DO NORTE;Atalaia do Norte;1300201
1300300;AUTAZES;Autazes;1300300
1300409;BARCELOS;Barcelos;1300409
1300508;BARREIRINHA;Barreirinha;1300508
1300607;BENJAMIN CONSTANT;Benjamin Constant;1300607
1300631;BERURI;Beruri;1300631
1300680;BOA VISTA DO RAMOS;Boa Vista do Ramos;1300680
1300706;BOCA DO ACRE;Boca do Acre;1300706
1300805;BORBA;Borba;1300805
1300839;CAAPIRANGA;Caapiranga;1300839
1300904;CANUTAMA;Canutama;1300904
1301001;CARAUARI;Carauari;1301001
1301100;CAREIRO;Careiro;1301100
1301159;CAREIRO DA VARZEA;Careiro da Várzea;1301159
1301209;COARI;Coari;1301209
1301308;CODAJAS;Codajás;1301308
1301407;EIRUNEPE;Eirunepé;1301407
1301506;ENVIRA;Envira;1301506
1301605;FONTE BOA;Fonte Boa;1301605
1301654;GUAJARA;Guajará;1301654
1301704;HUMAITA;Humaitá;1301704
1301803;IPIXUNA;Ipixuna;1301803
1301852;IRANDUBA;Iranduba;1301852
1301902;ITACOATIARA;Itacoatiara;1301902
1301951;ITAMARATI;Itamarati;1301951
1302009;ITAPIRANGA;Itapiranga;1302009
1302108;JAPURA;Japurá;1302108
1302207;JURUA;Juruá;1302207
1302306;JUTAI;Jutaí;1302306
1302405;LABREA;Lábrea;1302405
1302504;MANACAPURU;Manacapuru;1302504
1302553;MANAQUIRI;Manaquiri;1302553
1302603;MANAUS;Manaus;1302603
1302702;MANICORE;Manicoré;1302702
1302801;MARAA;Maraã;1302801
1302900;MAUES;Maués;1302900
1303007;NHAMUNDA;Nhamundá;1303007
1303106;NOVA OLINDA DO NORTE;Nova Olinda do Norte;1303106
1303205;NOVO AIRAO;Novo Airão;1303205
1303304;NOVO ARIPUANA;Novo Aripuanã;1303304
1303403;PARINTINS;Parintins;1303403
1303502;PAUINI;Pauini;1303502
1303536;PRESIDENTE FIGUEIREDO;Presidente Figueiredo;1303536
1303569;RIO PRETO DA EVA;Rio Preto da Eva;1303569
1303601;SANTA ISABEL DO RIO NEGRO;Santa Isabel do Rio Negro;1303601
1303700;SANTO ANTONIO DO ICA;Santo Antônio do Içá;1303700
1303809;SAO GABRIEL DA CACHOEIRA;São Gabriel da Cachoeira;1303809
1303908;SAO PAULO DE OLIVENCA;São Paulo de Olivença;1303908
1303957;SAO SEBASTIAO DO UATUMA;São Sebastião do Uatumã;1303957
1304005;SILVES;Silves;1304005
1304062;TABATINGA;Tabatinga;1304062
1304104;TAPAUA;Tapauá;1304104
1304203;TEFE;Tefé;1304203
1304237;TONANTINS;Tonantins;1304237
1304260;UARINI;Uarini;1304260
1304302;URUCARA;Urucará;1304302
1304401;URUCURITUBA;Urucurituba;1304401
1400027;AMAJARI;Amajari;1400027
1400050;ALTO ALEGRE;Alto Alegre;1400050
1400100;BOA VISTA;Boa Vista;1400100
1400159;BONFIM;Bonfim;1400159
1400175;CANTA;Cantá;1400175
1400209;CARACARAI;Caracaraí;1400209
1400233;CAROEBE;Caroebe;1400233
1400282;IRACEMA;Iracema;1400282
1400308;MUCAJAI;Mucajaí;1400308
1400407;NORMANDIA;Normandia;1400407
1400456;PACARAIMA;Pacaraima;1400456
1400472;RORAINOPOLIS;Rorainópolis;1400472
1400506;SAO JOAO DA BALIZA;São João da Baliza;1400506
1400605;SAO LUIZ;São Luiz;1400605
1400704;UIRAMUTA;Uiramutã;1400704
1500107;ABAETETUBA;Abaetetuba;1500107
1500131;ABEL FIGUEIREDO;Abel Figueiredo;1500131
1500206;ACARA;Acará;1500206
1500305;AFUA;Afuá;1500305
1500347;AGUA AZUL DO NORTE;Água Azul do Norte;1500347
1500404;ALENQUER;Alenquer;1500404
1500503;ALMEIRIM;Almeirim;1500503
1500602;ALTAMIRA;Altamira;1500602
1500701;ANAJAS;Anajás;1500701
1500800;ANANINDEUA;Ananindeua;1500800
1500859;ANAPU;Anapu;1500859
1500909;AUGUSTO CORREA;Augusto Corrêa;1500909
1500958;AURORA DO PARA;Aurora do Pará;1500958
1501006;AVEIRO;Aveiro;1501006
1501105;BAGRE;Bagre;1501105
1501204;BAIAO;Baião;1501204
1501253;BANNACH;Bannach;1501253
1501303;BARCARENA;Barcarena;1501303
1501402;BELEM;Belém;2700805
1501451;BELTERRA;Belterra;1501451
1501501;BENEVIDES;Benevides;1501501
1501576;BOM JESUS DO TOCANTINS;Bom Jesus do Tocantins;1703305
1501600;BONITO;Bonito;5002209
1501709;BRAGANCA;Bragança;1501709
1501725;BRASIL NOVO;Brasil Novo;1501725
2200053;ACAUA;Acauã;2200053
2200103;AGRICOLANDIA;Agricolândia;2200103
2200202;AGUA BRANCA;Água Branca;2700102
2200251;ALAGOINHA DO PIAUI;Alagoinha do Piauí;2200251
2200277;ALEGRETE DO PIAUI;Alegrete do Piauí;2200277
2200301;ALTO LONGA;Alto Longá;2200301
2200400;ALTOS;Altos;2200400
2200459;ALVORADA DO GURGUEIA;Alvorada do Gurguéia;2200459
2200509;AMARANTE;Amarante;2200509
2200608;ANGICAL DO PIAUI;Angical do Piauí;2200608
2200707;ANISIO DE ABREU;Anísio de Abreu;2200707
2200806;ANTONIO ALMEIDA;Antônio Almeida;2200806
2200905;AROAZES;Aroazes;2200905
2201002;ARRAIAL;Arraial;2201002
2201051;ASSUNCAO DO PIAUI;Assunção do Piauí;2201051
2201101;AVELINO LOPES;Avelino Lopes;2201101
2201150;BAIXA GRANDE DO RIBEIRO;Baixa Grande do Ribeiro;2201150
2201176;BARRA D'ALCANTARA;Barra D'Alcântara;2201176
2201200;BARRAS;Barras;2201200
2201309;BARREIRAS DO PIAUI;Barreiras do Piauí;2201309
2201408;BARRO DURO;Barro Duro;2201408
2201507;BATALHA;Batalha;2700706
2201556;BELA VISTA DO PIAUI;Bela Vista do Piauí;2201556
2201572;BELEM DO PIAUI;Belém do Piauí;2201572
2201606;BENEDITINOS;Beneditinos;2201606
2201705;BERTOLINIA;Bertolínia;2201705
2201739;BETANIA DO PIAUI;Betânia do Piauí;2201739
2201770;BOA HORA;Boa Hora;2201770
2201804;BOCAINA;Bocaina;2201804
2201903;BOM JESUS;Bom Jesus;2401701
2201919;BOM PRINCIPIO DO PIAUI;Bom Princípio do Piauí;2201919
2201929;BONFIM DO PIAUI;Bonfim do Piauí;2201929
2201945;BOQUEIRAO DO PIAUI;Boqueirão do Piauí;2201945
2201960;BRASILEIRA;Brasileira;2201960
2201988;BREJO DO PIAUI;Brejo do Piauí;2201988
2202000;BURITI DOS LOPES;Buriti dos Lopes;2202000
2202026;BURITI DOS MONTES;Buriti dos Montes;2202026
2202059;CABECEIRAS DO PIAUI;Cabeceiras do Piauí;2202059
2202075;CAJAZEIRAS DO PIAUI;Cajazeiras do Piauí;2202075
2202083;CAJUEIRO DA PRAIA;Cajueiro da Praia;2202083
2202091;CALDEIRAO GRANDE DO PIAUI;Caldeirão Grande do Piauí;2202091
2202109;CAMPINAS DO PIAUI;Campinas do Piauí;2202109
2202117;CAMPO ALEGRE DO FIDALGO;Campo Alegre do Fidalgo;2202117
2202133;CAMPO GRANDE DO PIAUI;Campo Grande do Piauí;2202133
2202174;CAMPO LARGO DO PIAUI;Campo Largo do Piauí;2202174
2202208;CAMPO MAIOR;Campo Maior;2202208
2202251;CANAVIEIRA;Canavieira;2202251
2202307;CANTO DO BURITI;Canto do Buriti;2202307
2202406;CAPITAO DE CAMPOS;Capitão de Campos;2202406
2202455;CAPITAO GERVASIO OLIVEIRA;Capitão Gervásio Oliveira;2202455
2202505;CARACOL;Caracol;5002803
2202539;CARAUBAS DO PIAUI;Caraúbas do Piauí;2202539
2202554;CARIDADE DO PIAUI;Caridade do Piauí;2202554
2202604;CASTELO DO PIAUI;Castelo do Piauí;2202604
2202653;CAXINGO;Caxingó;2202653
2202703;COCAL;Cocal;2202703
2202711;COCAL DE TELHA;Cocal de Telha;2202711
2202729;COCAL DOS ALVES;Cocal dos Alves;2202729
2202737;COIVARAS;Coivaras;2202737
2202752;COLONIA DO GURGUEIA;Colônia do Gurguéia;2202752
2202778;COLONIA DO PIAUI;Colônia do Piauí;2202778
2202802;CONCEICAO DO CANINDE;Conceição do Canindé;2202802
2202851;CORONEL JOSE DIAS;Coronel José Dias;2202851
2202901;CORRENTE;Corrente;2202901
2203008;CRISTALANDIA DO PIAUI;Cristalândia do Piauí;2203008
2203107;CRISTINO CASTRO;Cristino Castro;2203107
2203206;CURIMATA;Curimatá;2203206
2203230;CURRAIS;Currais;2203230
2203255;CURRALINHOS;Curralinhos;2203255
2203271;CURRAL NOVO DO PIAUI;Curral Novo do Piauí;2203271
2203305;DEMERVAL LOBAO;Demerval Lobão;2203305
2203354;DIRCEU ARCOVERDE;Dirceu Arcoverde;2203354
2203404;DOM EXPEDITO LOPES;Dom Expedito Lopes;2203404
2203420;DOMINGOS MOURAO;Domingos Mourão;2203420
2203453;DOM INOCENCIO;Dom Inocêncio;2203453
2203503;ELESBAO VELOSO;Elesbão Veloso;2203503
2203602;ELISEU MARTINS;Eliseu Martins;2203602
2203701;ESPERANTINA;Esperantina;1707405
2203750;FARTURA DO PIAUI;Fartura do Piauí;2203750
2203800;FLORES DO PIAUI;Flores do Piauí;2203800
2203859;FLORESTA DO PIAUI;Floresta do Piauí;2203859
2203909;FLORIANO;Floriano;2203909
2204006;FRANCINOPOLIS;Francinópolis;2204006
2204105;FRANCISCO AYRES;Francisco Ayres;2204105
2204154;FRANCISCO MACEDO;Francisco Macedo;2204154
2204204;FRANCISCO SANTOS;Francisco Santos;2204204
2204303;FRONTEIRAS;Fronteiras;2204303
2204352;GEMINIANO;Geminiano;2204352
2204402;GILBUES;Gilbués;2204402
2204501;GUADALUPE;Guadalupe;2204501
2204550;GUARIBAS;Guaribas;2204550
2204600;HUGO NAPOLEAO;Hugo Napoleão;2204600
2204659;ILHA GRANDE;Ilha Grande;2204659
2204709;INHUMA;Inhuma;2204709
2204808;IPIRANGA DO PIAUI;Ipiranga do Piauí;2204808
2204907;ISAIAS COELHO;Isaías Coelho;2204907
2205003;ITAINOPOLIS;Itainópolis;2205003
2205102;ITAUEIRA;Itaueira;2205102
2205151;JACOBINA DO PIAUI;Jacobina do Piauí;2205151
2205201;JAICOS;Jaicós;2205201
2205250;JARDIM DO MULATO;Jardim do Mulato;2205250
2205276;JATOBA DO PIAUI;Jatobá do Piauí;2205276
2205300;JERUMENHA;Jerumenha;2205300
2205359;JOAO COSTA;João Costa;2205359
2205409;JOAQUIM PIRES;Joaquim Pires;2205409
2205458;JOCA MARQUES;Joca Marques;2205458
2205508;JOSE DE FREITAS;José de Freitas;2205508
2205516;JUAZEIRO DO PIAUI;Juazeiro do Piauí;2205516
2205524;JULIO BORGES;Júlio Borges;2205524
2205532;JUREMA;Jurema;2608404
2205540;LAGOINHA DO PIAUI;Lagoinha do Piauí;2205540
2205557;LAGOA ALEGRE;Lagoa Alegre;2205557
2205565;LAGOA DO BARRO DO PIAUI;Lagoa do Barro do Piauí;2205565
2205573;LAGOA DE SAO FRANCISCO;Lagoa de São Francisco;2205573
2205581;LAGOA DO PIAUI;Lagoa do Piauí;2205581
2205599;LAGOA DO SITIO;Lagoa do Sítio;2205599
2205607;LANDRI SALES;Landri Sales;2205607
2205706;LUIS CORREIA;Luís Correia;2205706
2205805;LUZILANDIA;Luzilândia;2205805
2205854;MADEIRO;Madeiro;2205854
2205904;MANOEL EMIDIO;Manoel Emídio;2205904
2205953;MARCOLANDIA;Marcolândia;2205953
2206001;MARCOS PARENTE;Marcos Parente;2206001
2206050;MASSAPE DO PIAUI;Massapê do Piauí;2206050
2206100;MATIAS OLIMPIO;Matias Olímpio;2206100
2206209;MIGUEL ALVES;Miguel Alves;2206209
2206308;MIGUEL LEAO;Miguel Leão;2206308
2206357;MILTON BRANDAO;Milton Brandão;2206357
2206407;MONSENHOR GIL;Monsenhor Gil;2206407
2206506;MONSENHOR HIPOLITO;Monsenhor Hipólito;2206506
2206605;MONTE ALEGRE DO PIAUI;Monte Alegre do Piauí;2206605
2206654;MORRO CABECA NO TEMPO;Morro Cabeça no Tempo;2206654
2206670;MORRO DO CHAPEU DO PIAUI;Morro do Chapéu do Piauí;2206670
2206696;MURICI DOS PORTELAS;Murici dos Portelas;2206696
2206704;NAZARE DO PIAUI;Nazaré do Piauí;2206704
2206720;NAZARIA;Nazária;#N/D
2206753;NOSSA SENHORA DE NAZARE;Nossa Senhora de Nazaré;2206753
2206803;NOSSA SENHORA DOS REMEDIOS;Nossa Senhora dos Remédios;2206803
2206902;NOVO ORIENTE DO PIAUI;Novo Oriente do Piauí;2206902
2206951;NOVO SANTO ANTONIO;Novo Santo Antônio;5106315
2207009;OEIRAS;Oeiras;2207009
2207108;OLHO D'AGUA DO PIAUI;Olho D'Água do Piauí;2207108
2207207;PADRE MARCOS;Padre Marcos;2207207
2207306;PAES LANDIM;Paes Landim;2207306
2207355;PAJEU DO PIAUI;Pajeú do Piauí;2207355
2207405;PALMEIRA DO PIAUI;Palmeira do Piauí;2207405
2207504;PALMEIRAIS;Palmeirais;2207504
2207553;PAQUETA;Paquetá;2207553
2207603;PARNAGUA;Parnaguá;2207603
2207702;PARNAIBA;Parnaíba;2207702
2207751;PASSAGEM FRANCA DO PIAUI;Passagem Franca do Piauí;2207751
2207777;PATOS DO PIAUI;Patos do Piauí;2207777
2207793;PAU D'ARCO DO PIAUI;Pau D'Arco do Piauí;2207793
2207801;PAULISTANA;Paulistana;2207801
2207850;PAVUSSU;Pavussu;2207850
2207900;PEDRO II;Pedro II;2207900
2207934;PEDRO LAURENTINO;Pedro Laurentino;2207934
2207959;NOVA SANTA RITA;Nova Santa Rita;2207959
2906600;CANDIBA;Candiba;2906600
2906709;CANDIDO SALES;Cândido Sales;2906709
2906808;CANSANCAO;Cansanção;2906808
2906824;CANUDOS;Canudos;2906824
2906857;CAPELA DO ALTO ALEGRE;Capela do Alto Alegre;2906857
2906873;CAPIM GROSSO;Capim Grosso;2906873
2906899;CARAIBAS;Caraíbas;2906899
3162807;SAO JOAO EVANGELISTA;São João Evangelista;3162807
3162906;SAO JOAO NEPOMUCENO;São João Nepomuceno;3162906
3162922;SAO JOAQUIM DE BICAS;São Joaquim de Bicas;3162922
3162948;SAO JOSE DA BARRA;São José da Barra;3162948
3162955;SAO JOSE DA LAPA;São José da Lapa;3162955
3163003;SAO JOSE DA SAFIRA;São José da Safira;3163003
3163102;SAO JOSE DA VARGINHA;São José da Varginha;3163102
3163201;SAO JOSE DO ALEGRE;São José do Alegre;3163201
3163300;SAO JOSE DO DIVINO;São José do Divino;2210052
3163409;SAO JOSE DO GOIABAL;São José do Goiabal;3163409
3163508;SAO JOSE DO JACURI;São José do Jacuri;3163508
3163607;SAO JOSE DO MANTIMENTO;São José do Mantimento;3163607
3163706;SAO LOURENCO;São Lourenço;3163706
3163805;SAO MIGUEL DO ANTA;São Miguel do Anta;3163805
3163904;SAO PEDRO DA UNIAO;São Pedro da União;3163904
3164001;SAO PEDRO DOS FERROS;São Pedro dos Ferros;3164001
3164100;SAO PEDRO DO SUACUI;São Pedro do Suaçuí;3164100
3164209;SAO ROMAO;São Romão;3164209
3164308;SAO ROQUE DE MINAS;São Roque de Minas;3164308
3164407;SAO SEBASTIAO DA BELA VISTA;São Sebastião da Bela Vista;3164407
3164431;SAO SEBASTIAO DA VARGEM ALEGRE;São Sebastião da Vargem Alegre;3164431
3164472;SAO SEBASTIAO DO ANTA;São Sebastião do Anta;3164472
3164506;SAO SEBASTIAO DO MARANHAO;São Sebastião do Maranhão;3164506
3164605;SAO SEBASTIAO DO OESTE;São Sebastião do Oeste;3164605
3164704;SAO SEBASTIAO DO PARAISO;São Sebastião do Paraíso;3164704
3164803;SAO SEBASTIAO DO RIO PRETO;São Sebastião do Rio Preto;3164803
3164902;SAO SEBASTIAO DO RIO VERDE;São Sebastião do Rio Verde;3164902
3165008;SAO TIAGO;São Tiago;3165008
3165107;SAO TOMAS DE AQUINO;São Tomás de Aquino;3165107
3165206;SAO THOME DAS LETRAS;São Thomé das Letras;3165206
3165305;SAO VICENTE DE MINAS;São Vicente de Minas;3165305
2707107;PIRANHAS;Piranhas;2707107
2707206;POCO DAS TRINCHEIRAS;Poço das Trincheiras;2707206
2707305;PORTO CALVO;Porto Calvo;2707305
2707404;PORTO DE PEDRAS;Porto de Pedras;2707404
2707503;PORTO REAL DO COLEGIO;Porto Real do Colégio;2707503
2707602;QUEBRANGULO;Quebrangulo;2707602
2707701;RIO LARGO;Rio Largo;2707701
2707800;ROTEIRO;Roteiro;2707800
2707909;SANTA LUZIA DO NORTE;Santa Luzia do Norte;2707909
2402907;CORONEL JOAO PESSOA;Coronel João Pessoa;2402907
2403004;CRUZETA;Cruzeta;2403004
2403103;CURRAIS NOVOS;Currais Novos;2403103
2403202;DOUTOR SEVERIANO;Doutor Severiano;2403202
2403251;PARNAMIRIM;Parnamirim;2403251
2403301;ENCANTO;Encanto;2403301
2403400;EQUADOR;Equador;2403400
2403509;ESPIRITO SANTO;Espírito Santo;2403509
2403608;EXTREMOZ;Extremoz;2403608
2403707;FELIPE GUERRA;Felipe Guerra;2403707
2403756;FERNANDO PEDROZA;Fernando Pedroza;2403756
2403806;FLORANIA;Florânia;2403806
2403905;FRANCISCO DANTAS;Francisco Dantas;2403905
2404002;FRUTUOSO GOMES;Frutuoso Gomes;2404002
2404101;GALINHOS;Galinhos;2404101
2404200;GOIANINHA;Goianinha;2404200
2404309;GOVERNADOR DIX-SEPT ROSADO;Governador Dix-Sept Rosado;2404309
2404408;GROSSOS;Grossos;2404408
2404507;GUAMARE;Guamaré;2404507
2404606;IELMO MARINHO;Ielmo Marinho;2404606
2404705;IPANGUACU;Ipanguaçu;2404705
2404804;IPUEIRA;Ipueira;2404804
2404853;ITAJA;Itajá;2404853
2404903;ITAU;Itaú;2404903
2405009;JACANA;Jaçanã;2405009
2405108;JANDAIRA;Jandaíra;2405108
2405207;JANDUIS;Janduís;2405207
2405306;JANUARIO CICCO;Januário Cicco;2405306
2405405;JAPI;Japi;2405405
2405504;JARDIM DE ANGICOS;Jardim de Angicos;2405504
2405603;JARDIM DE PIRANHAS;Jardim de Piranhas;2405603
2405702;JARDIM DO SERIDO;Jardim do Seridó;2405702
2405801;JOAO CAMARA;João Câmara;2405801
2405900;JOAO DIAS;João Dias;2405900
2406007;JOSE DA PENHA;José da Penha;2406007
2406106;JUCURUTU;Jucurutu;2406106
2406155;JUNDIA;Jundiá;2703908
2406205;LAGOA D'ANTA;Lagoa d'Anta;2406205
2406304;LAGOA DE PEDRAS;Lagoa de Pedras;2406304
2406403;LAGOA DE VELHOS;Lagoa de Velhos;2406403
2406502;LAGOA NOVA;Lagoa Nova;2406502
2406601;LAGOA SALGADA;Lagoa Salgada;2406601
2406700;LAJES;Lajes;2406700
2406809;LAJES PINTADAS;Lajes Pintadas;2406809
2406908;LUCRECIA;Lucrécia;2406908
2407005;LUIS GOMES;Luís Gomes;2407005
2407104;MACAIBA;Macaíba;2407104
2407203;MACAU;Macau;2407203
2407252;MAJOR SALES;Major Sales;2407252
2407302;MARCELINO VIEIRA;Marcelino Vieira;2407302
2407401;MARTINS;Martins;2407401
2407500;MAXARANGUAPE;Maxaranguape;2407500
2407609;MESSIAS TARGINO;Messias Targino;2407609
2407708;MONTANHAS;Montanhas;2407708
2407807;MONTE ALEGRE;Monte Alegre;1504802
2407906;MONTE DAS GAMELEIRAS;Monte das Gameleiras;2407906
2408003;MOSSORO;Mossoró;2408003
2408102;NATAL;Natal;2408102
2408201;NISIA FLORESTA;Nísia Floresta;2408201
2408300;NOVA CRUZ;Nova Cruz;2408300
2408409;OLHO-D'AGUA DO BORGES;Olho-d'Água do Borges;2408409
2408508;OURO BRANCO;Ouro Branco;2706109
2408607;PARANA;Paraná;2408607
2408706;PARAU;Paraú;2408706
2408805;PARAZINHO;Parazinho;2408805
2408904;PARELHAS;Parelhas;2408904
2408953;RIO DO FOGO;Rio do Fogo;2408953
2409100;PASSA E FICA;Passa e Fica;2409100
2409209;PASSAGEM;Passagem;2409209
2409308;PATU;Patu;2409308
2409332;SANTA MARIA;Santa Maria;2409332
2409407;PAU DOS FERROS;Pau dos Ferros;2409407
2409506;PEDRA GRANDE;Pedra Grande;2409506
2409605;PEDRA PRETA;Pedra Preta;5106372
2409704;PEDRO AVELINO;Pedro Avelino;2409704
2409803;PEDRO VELHO;Pedro Velho;2409803
2409902;PENDENCIAS;Pendências;2409902
2410009;PILOES;Pilões;2410009
2410108;POCO BRANCO;Poço Branco;2410108
2410207;PORTALEGRE;Portalegre;2410207
2410256;PORTO DO MANGUE;Porto do Mangue;2410256
2410306;PRESIDENTE JUSCELINO;Presidente Juscelino;2410306
2410405;PUREZA;Pureza;2410405
2410504;RAFAEL FERNANDES;Rafael Fernandes;2410504
2410603;RAFAEL GODEIRO;Rafael Godeiro;2410603
2410702;RIACHO DA CRUZ;Riacho da Cruz;2410702
2410801;RIACHO DE SANTANA;Riacho de Santana;2410801
2410900;RIACHUELO;Riachuelo;2805901
2411007;RODOLFO FERNANDES;Rodolfo Fernandes;2411007
2411056;TIBAU;Tibau;2411056
2411106;RUY BARBOSA;Ruy Barbosa;2411106
2411205;SANTA CRUZ;Santa Cruz;2411205
2411403;SANTANA DO MATOS;Santana do Matos;2411403
2411429;SANTANA DO SERIDO;Santana do Seridó;2411429
2411502;SANTO ANTONIO;Santo Antônio;2411502
2411601;SAO BENTO DO NORTE;São Bento do Norte;2411601
2411700;SAO BENTO DO TRAIRI;São Bento do Trairí;2411700
2411809;SAO FERNANDO;São Fernando;2411809
2411908;SAO FRANCISCO DO OESTE;São Francisco do Oeste;2411908
2412005;SAO GONCALO DO AMARANTE;São Gonçalo do Amarante;2412005
2412104;SAO JOAO DO SABUGI;São João do Sabugi;2412104
2412203;SAO JOSE DE MIPIBU;São José de Mipibu;2412203
2412302;SAO JOSE DO CAMPESTRE;São José do Campestre;2412302
2412401;SAO JOSE DO SERIDO;São José do Seridó;2412401
2412500;SAO MIGUEL;São Miguel;2412500
2412559;SAO MIGUEL DO GOSTOSO;São Miguel do Gostoso;2412559
2412609;SAO PAULO DO POTENGI;São Paulo do Potengi;2412609
2412708;SAO PEDRO;São Pedro;2412708
2412807;SAO RAFAEL;São Rafael;2412807
2412906;SAO TOME;São Tomé;2412906
2413003;SAO VICENTE;São Vicente;2413003
2413102;SENADOR ELOI DE SOUZA;Senador Elói de Souza;2413102
2413201;SENADOR GEORGINO AVELINO;Senador Georgino Avelino;2413201
2413300;SERRA DE SAO BENTO;Serra de São Bento;2413300
2413359;SERRA DO MEL;Serra do Mel;2413359
2413409;SERRA NEGRA DO NORTE;Serra Negra do Norte;2413409
2413508;SERRINHA;Serrinha;2413508
2413557;SERRINHA DOS PINTOS;Serrinha dos Pintos;2413557
2413607;SEVERIANO MELO;Severiano Melo;2413607
2413706;SITIO NOVO;Sítio Novo;2413706
2413805;TABOLEIRO GRANDE;Taboleiro Grande;2413805
2413904;TAIPU;Taipu;2413904
2414001;TANGARA;Tangará;2414001
2414100;TENENTE ANANIAS;Tenente Ananias;2414100
2414159;TENENTE LAURENTINO CRUZ;Tenente Laurentino Cruz;2414159
2414209;TIBAU DO SUL;Tibau do Sul;2414209
2414308;TIMBAUBA DOS BATISTAS;Timbaúba dos Batistas;2414308
2414407;TOUROS;Touros;2414407
2414456;TRIUNFO POTIGUAR;Triunfo Potiguar;2414456
2414506;UMARIZAL;Umarizal;2414506
2414605;UPANEMA;Upanema;2414605
2414704;VARZEA;Várzea;2414704
2414753;VENHA-VER;Venha-Ver;2414753
2414803;VERA CRUZ;Vera Cruz;2414803
2414902;VICOSA;Viçosa;2709400
2415008;VILA FLOR;Vila Flor;2415008
2500106;AGUA BRANCA;Água Branca;2700102
2500205;AGUIAR;Aguiar;2500205
2500304;ALAGOA GRANDE;Alagoa Grande;2500304
2500403;ALAGOA NOVA;Alagoa Nova;2500403
2500502;ALAGOINHA;Alagoinha;2600609
2500536;ALCANTIL;Alcantil;2500536
2500577;ALGODAO DE JANDAIRA;Algodão de Jandaíra;2500577
2500601;ALHANDRA;Alhandra;2500601
2500700;SAO JOAO DO RIO DO PEIXE;São João do Rio do Peixe;2500700
2500734;AMPARO;Amparo;2500734
2500775;APARECIDA;Aparecida;2500775
2500809;ARACAGI;Araçagi;2500809
2500908;ARARA;Arara;2500908
2501005;ARARUNA;Araruna;2501005
2501104;AREIA;Areia;2501104
2501153;AREIA DE BARAUNAS;Areia de Baraúnas;2501153
2501203;AREIAL;Areial;2501203
2501302;AROEIRAS;Aroeiras;2501302
2501351;ASSUNCAO;Assunção;2501351
2501401;BAIA DA TRAICAO;Baía da Traição;2501401
2501500;BANANEIRAS;Bananeiras;2501500
2501534;BARAUNA;Baraúna;2401453
2501575;BARRA DE SANTANA;Barra de Santana;2501575
2501609;BARRA DE SANTA ROSA;Barra de Santa Rosa;2501609
2501708;BARRA DE SAO MIGUEL;Barra de São Miguel;2700607
2501807;BAYEUX;Bayeux;2501807
2501906;BELEM;Belém;2700805
2502003;BELEM DO BREJO DO CRUZ;Belém do Brejo do Cruz;2502003
2502052;BERNARDINO BATISTA;Bernardino Batista;2502052
2502102;BOA VENTURA;Boa Ventura;2502102
2502151;BOA VISTA;Boa Vista;1400100
2502201;BOM JESUS;Bom Jesus;2401701
2502300;BOM SUCESSO;Bom Sucesso;2502300
2502409;BONITO DE SANTA FE;Bonito de Santa Fé;2502409
2502508;BOQUEIRAO;Boqueirão;2502508
2502607;IGARACY;Igaracy;2502607
2502706;BORBOREMA;Borborema;2502706
2502805;BREJO DO CRUZ;Brejo do Cruz;2502805
2502904;BREJO DOS SANTOS;Brejo dos Santos;2502904
2503001;CAAPORA;Caaporã;2503001
2503100;CABACEIRAS;Cabaceiras;2503100
2503209;CABEDELO;Cabedelo;2503209
2503308;CACHOEIRA DOS INDIOS;Cachoeira dos Índios;2503308
2503407;CACIMBA DE AREIA;Cacimba de Areia;2503407
2503506;CACIMBA DE DENTRO;Cacimba de Dentro;2503506
2503555;CACIMBAS;Cacimbas;2503555
2503605;CAICARA;Caiçara;2503605
2503704;CAJAZEIRAS;Cajazeiras;2503704
2503753;CAJAZEIRINHAS;Cajazeirinhas;2503753
2503803;CALDAS BRANDAO;Caldas Brandão;2503803
2503902;CAMALAU;Camalaú;2503902
2504009;CAMPINA GRANDE;Campina Grande;2504009
2504033;CAPIM;Capim;2504033
2504074;CARAUBAS;Caraúbas;2402303
2504108;CARRAPATEIRA;Carrapateira;2504108
2504157;CASSERENGUE;Casserengue;2504157
2504207;CATINGUEIRA;Catingueira;2504207
2504306;CATOLE DO ROCHA;Catolé do Rocha;2504306
2504355;CATURITE;Caturité;2504355
2504405;CONCEICAO;Conceição;2504405
2504504;CONDADO;Condado;2604601
2504603;CONDE;Conde;2504603
2504702;CONGO;Congo;2504702
2504801;COREMAS;Coremas;2504801
2504850;COXIXOLA;Coxixola;2504850
2504900;CRUZ DO ESPIRITO SANTO;Cruz do Espírito Santo;2504900
2505006;CUBATI;Cubati;2505006
2505105;CUITE;Cuité;2505105
2505204;CUITEGI;Cuitegi;2505204
2505238;CUITE DE MAMANGUAPE;Cuité de Mamanguape;2505238
2505279;CURRAL DE CIMA;Curral de Cima;2505279
2505303;CURRAL VELHO;Curral Velho;2505303
2505352;DAMIAO;Damião;2505352
2505402;DESTERRO;Desterro;2505402
2505501;VISTA SERRANA;Vista Serrana;2505501
2505600;DIAMANTE;Diamante;2505600
2505709;DONA INES;Dona Inês;2505709
2505808;DUAS ESTRADAS;Duas Estradas;2505808
2505907;EMAS;Emas;2505907
2506004;ESPERANCA;Esperança;2506004
2506103;FAGUNDES;Fagundes;2506103
2506202;FREI MARTINHO;Frei Martinho;2506202
2506251;GADO BRAVO;Gado Bravo;2506251
2506301;GUARABIRA;Guarabira;2506301
2506400;GURINHEM;Gurinhém;2506400
2506509;GURJAO;Gurjão;2506509
2506608;IBIARA;Ibiara;2506608
2506707;IMACULADA;Imaculada;2506707
2506806;INGA;Ingá;2506806
2506905;ITABAIANA;Itabaiana;2802908
2507002;ITAPORANGA;Itaporanga;2507002
2507101;ITAPOROROCA;Itapororoca;2507101
2507200;ITATUBA;Itatuba;2507200
2507309;JACARAU;Jacaraú;2507309
2507408;JERICO;Jericó;2507408
2507507;JOAO PESSOA;João Pessoa;2507507
2507606;JUAREZ TAVORA;Juarez Távora;2507606
2507705;JUAZEIRINHO;Juazeirinho;2507705
2507804;JUNCO DO SERIDO;Junco do Seridó;2507804
2507903;JURIPIRANGA;Juripiranga;2507903
2508000;JURU;Juru;2508000
2508109;LAGOA;Lagoa;2508109
2508208;LAGOA DE DENTRO;Lagoa de Dentro;2508208
2508307;LAGOA SECA;Lagoa Seca;2508307
2508406;LASTRO;Lastro;2508406
2508505;LIVRAMENTO;Livramento;2508505
2508554;LOGRADOURO;Logradouro;2508554
2508604;LUCENA;Lucena;2508604
2508703;MAE D'AGUA;Mãe d'Água;2508703
2508802;MALTA;Malta;2508802
2508901;MAMANGUAPE;Mamanguape;2508901
2509008;MANAIRA;Manaíra;2509008
2509057;MARCACAO;Marcação;2509057
2509107;MARI;Mari;2509107
2509156;MARIZOPOLIS;Marizópolis;2509156
2509206;MASSARANDUBA;Massaranduba;2509206
2509305;MATARACA;Mataraca;2509305
2509339;MATINHAS;Matinhas;2509339
2509370;MATO GROSSO;Mato Grosso;2509370
2509396;MATUREIA;Maturéia;2509396
2509404;MOGEIRO;Mogeiro;2509404
2509503;MONTADAS;Montadas;2509503
2509602;MONTE HOREBE;Monte Horebe;2509602
2509701;MONTEIRO;Monteiro;2509701
2509800;MULUNGU;Mulungu;2309102
2509909;NATUBA;Natuba;2509909
2510006;NAZAREZINHO;Nazarezinho;2510006
2510105;NOVA FLORESTA;Nova Floresta;2510105
2510204;NOVA OLINDA;Nova Olinda;1714880
2510303;NOVA PALMEIRA;Nova Palmeira;2510303
2510402;OLHO D'AGUA;Olho d'Água;2510402
2510501;OLIVEDOS;Olivedos;2510501
2510600;OURO VELHO;Ouro Velho;2510600
2510659;PARARI;Parari;2510659
2510709;PASSAGEM;Passagem;2409209
2510808;PATOS;Patos;2510808
2510907;PAULISTA;Paulista;2610707
2511004;PEDRA BRANCA;Pedra Branca;2310506
2511103;PEDRA LAVRADA;Pedra Lavrada;2511103
2511202;PEDRAS DE FOGO;Pedras de Fogo;2511202
2511301;PIANCO;Piancó;2511301
2511400;PICUI;Picuí;2511400
2511509;PILAR;Pilar;2706901
2511608;PILOES;Pilões;2410009
2511707;PILOEZINHOS;Pilõezinhos;2511707
2511806;PIRPIRITUBA;Pirpirituba;2511806
2511905;PITIMBU;Pitimbu;2511905
2512002;POCINHOS;Pocinhos;2512002
2512036;POCO DANTAS;Poço Dantas;2512036
2512077;POCO DE JOSE DE MOURA;Poço de José de Moura;2512077
2512101;POMBAL;Pombal;2512101
2512200;PRATA;Prata;2512200
2512309;PRINCESA ISABEL;Princesa Isabel;2512309
2512408;PUXINANA;Puxinanã;2512408
2512507;QUEIMADAS;Queimadas;2512507
2512606;QUIXABA;Quixabá;2512606
2512705;REMIGIO;Remígio;2512705
2512721;PEDRO REGIS;Pedro Régis;2512721
2512747;RIACHAO;Riachão;2109502
2512754;RIACHAO DO BACAMARTE;Riachão do Bacamarte;2512754
2512762;RIACHAO DO POCO;Riachão do Poço;2512762
2512788;RIACHO DE SANTO ANTONIO;Riacho de Santo Antônio;2512788
2512804;RIACHO DOS CAVALOS;Riacho dos Cavalos;2512804
2512903;RIO TINTO;Rio Tinto;2512903
2513000;SALGADINHO;Salgadinho;2612109
2513109;SALGADO DE SAO FELIX;Salgado de São Félix;2513109
2513158;SANTA CECILIA;Santa Cecília;2513158
2513208;SANTA CRUZ;Santa Cruz;2411205
2513307;SANTA HELENA;Santa Helena;2109809
2513356;SANTA INES;Santa Inês;2109908
2513406;SANTA LUZIA;Santa Luzia;2110005
2513505;SANTANA DE MANGUEIRA;Santana de Mangueira;2513505
2513604;SANTANA DOS GARROTES;Santana dos Garrotes;2513604
2513653;SANTAREM;Santarém;1506807
2513703;SANTA RITA;Santa Rita;2110203
2513802;SANTA TERESINHA;Santa Teresinha;2513802
2513851;SANTO ANDRE;Santo André;2513851
2513901;SAO BENTO;São Bento;2110500
2513927;SAO BENTINHO;São Bentinho;2513927
2513943;SAO DOMINGOS DO CARIRI;São Domingos do Cariri;2513943
2513968;SAO DOMINGOS DE POMBAL;São Domingos de Pombal;2513968
2513984;SAO FRANCISCO;São Francisco;2806909
2514008;SAO JOAO DO CARIRI;São João do Cariri;2514008
2514107;SAO JOAO DO TIGRE;São João do Tigre;2514107
2514206;SAO JOSE DA LAGOA TAPADA;São José da Lagoa Tapada;2514206
2514305;SAO JOSE DE CAIANA;São José de Caiana;2514305
2514404;SAO JOSE DE ESPINHARAS;São José de Espinharas;2514404
2514453;SAO JOSE DOS RAMOS;São José dos Ramos;2514453
2514503;SAO JOSE DE PIRANHAS;São José de Piranhas;2514503
2514552;SAO JOSE DE PRINCESA;São José de Princesa;2514552
2514602;SAO JOSE DO BONFIM;São José do Bonfim;2514602
2514651;SAO JOSE DO BREJO DO CRUZ;São José do Brejo do Cruz;2514651
2514701;SAO JOSE DO SABUGI;São José do Sabugi;2514701
2514800;SAO JOSE DOS CORDEIROS;São José dos Cordeiros;2514800
2514909;SAO MAMEDE;São Mamede;2514909
2515005;SAO MIGUEL DE TAIPU;São Miguel de Taipu;2515005
2515104;SAO SEBASTIAO DE LAGOA DE ROCA;São Sebastião da Lagoa de Roça;#N/D
2515203;SAO SEBASTIAO DO UMBUZEIRO;São Sebastião do Umbuzeiro;2515203
2515302;SAPE;Sapé;2515302
2515401;SERIDO;Seridó;2515401
2515500;SERRA BRANCA;Serra Branca;2515500
2515609;SERRA DA RAIZ;Serra da Raiz;2515609
2515708;SERRA GRANDE;Serra Grande;2515708
2515807;SERRA REDONDA;Serra Redonda;2515807
2515906;SERRARIA;Serraria;2515906
2922300;MURITIBA;Muritiba;2922300
2922409;MUTUIPE;Mutuípe;2922409
2922508;NAZARE;Nazaré;1714302
2922607;NILO PECANHA;Nilo Peçanha;2922607
2922656;NORDESTINA;Nordestina;2922656
2922706;NOVA CANAA;Nova Canaã;2922706
2922730;NOVA FATIMA;Nova Fátima;4117008
2922755;NOVA IBIA;Nova Ibiá;2922755
2922805;NOVA ITARANA;Nova Itarana;2922805
2922854;NOVA REDENCAO;Nova Redenção;2922854
2922904;NOVA SOURE;Nova Soure;2922904
2923001;NOVA VICOSA;Nova Viçosa;2923001
2923035;NOVO HORIZONTE;Novo Horizonte;4211652
2923050;NOVO TRIUNFO;Novo Triunfo;2923050
2923100;OLINDINA;Olindina;2923100
2923209;OLIVEIRA DOS BREJINHOS;Oliveira dos Brejinhos;2923209
2923308;OURICANGAS;Ouriçangas;2923308
2923357;OUROLANDIA;Ourolândia;2923357
2923407;PALMAS DE MONTE ALTO;Palmas de Monte Alto;2923407
2923506;PALMEIRAS;Palmeiras;2923506
2923605;PARAMIRIM;Paramirim;2923605
2923704;PARATINGA;Paratinga;2923704
2923803;PARIPIRANGA;Paripiranga;2923803
2923902;PAU BRASIL;Pau Brasil;2923902
2924009;PAULO AFONSO;Paulo Afonso;2924009
2924058;PE DE SERRA;Pé de Serra;2924058
2924108;PEDRAO;Pedrão;2924108
2924207;PEDRO ALEXANDRE;Pedro Alexandre;2924207
2924306;PIATA;Piatã;2924306
2924405;PILAO ARCADO;Pilão Arcado;2924405
2924504;PINDAI;Pindaí;2924504
2924603;PINDOBACU;Pindobaçu;2924603
2924652;PINTADAS;Pintadas;2924652
2924678;PIRAI DO NORTE;Piraí do Norte;2924678
2924702;PIRIPA;Piripá;2924702
2924801;PIRITIBA;Piritiba;2924801
2924900;PLANALTINO;Planaltino;2924900
2925006;PLANALTO;Planalto;4119806
2925105;POCOES;Poções;2925105
2925204;POJUCA;Pojuca;2925204
2925253;PONTO NOVO;Ponto Novo;2925253
2925303;PORTO SEGURO;Porto Seguro;2925303
2925402;POTIRAGUA;Potiraguá;2925402
2925501;PRADO;Prado;2925501
2925600;PRESIDENTE DUTRA;Presidente Dutra;2109106
2925709;PRESIDENTE JANIO QUADROS;Presidente Jânio Quadros;2925709
2925758;PRESIDENTE TANCREDO NEVES;Presidente Tancredo Neves;2925758
2925808;QUEIMADAS;Queimadas;2512507
2925907;QUIJINGUE;Quijingue;2925907
2925931;QUIXABEIRA;Quixabeira;2925931
2925956;RAFAEL JAMBEIRO;Rafael Jambeiro;2925956
2926004;REMANSO;Remanso;2926004
2926103;RETIROLANDIA;Retirolândia;2926103
2103158;CENTRO DO GUILHERME;Centro do Guilherme;2103158
2103174;CENTRO NOVO DO MARANHAO;Centro Novo do Maranhão;2103174
2103208;CHAPADINHA;Chapadinha;2103208
2103257;CIDELANDIA;Cidelândia;2103257
2103307;CODO;Codó;2103307
2103406;COELHO NETO;Coelho Neto;2103406
2103505;COLINAS;Colinas;2103505
2103554;CONCEICAO DO LAGO-ACU;Conceição do Lago-Açu;2103554
2103604;COROATA;Coroatá;2103604
2103703;CURURUPU;Cururupu;2103703
2103752;DAVINOPOLIS;Davinópolis;2103752
2103802;DOM PEDRO;Dom Pedro;2103802
2103901;DUQUE BACELAR;Duque Bacelar;2103901
2104008;ESPERANTINOPOLIS;Esperantinópolis;2104008
2104057;ESTREITO;Estreito;2104057
2104073;FEIRA NOVA DO MARANHAO;Feira Nova do Maranhão;2104073
2104081;FERNANDO FALCAO;Fernando Falcão;2104081
2104099;FORMOSA DA SERRA NEGRA;Formosa da Serra Negra;2104099
2104107;FORTALEZA DOS NOGUEIRAS;Fortaleza dos Nogueiras;2104107
2104206;FORTUNA;Fortuna;2104206
2104305;GODOFREDO VIANA;Godofredo Viana;2104305
2104404;GONCALVES DIAS;Gonçalves Dias;2104404
2104503;GOVERNADOR ARCHER;Governador Archer;2104503
2104552;GOVERNADOR EDISON LOBAO;Governador Edison Lobão;2104552
2104602;GOVERNADOR EUGENIO BARROS;Governador Eugênio Barros;2104602
2104628;GOVERNADOR LUIZ ROCHA;Governador Luiz Rocha;2104628
2104651;GOVERNADOR NEWTON BELLO;Governador Newton Bello;2104651
2104677;GOVERNADOR NUNES FREIRE;Governador Nunes Freire;2104677
2104701;GRACA ARANHA;Graça Aranha;2104701
2104800;GRAJAU;Grajaú;2104800
2104909;GUIMARAES;Guimarães;2104909
2105005;HUMBERTO DE CAMPOS;Humberto de Campos;2105005
2105104;ICATU;Icatu;2105104
2105153;IGARAPE DO MEIO;Igarapé do Meio;2105153
2105203;IGARAPE GRANDE;Igarapé Grande;2105203
2105302;IMPERATRIZ;Imperatriz;2105302
2105351;ITAIPAVA DO GRAJAU;Itaipava do Grajaú;2105351
2105401;ITAPECURU MIRIM;Itapecuru Mirim;2105401
2105427;ITINGA DO MARANHAO;Itinga do Maranhão;2105427
2105450;JATOBA;Jatobá;2608057
2105476;JENIPAPO DOS VIEIRAS;Jenipapo dos Vieiras;2105476
2105500;JOAO LISBOA;João Lisboa;2105500
2105609;JOSELANDIA;Joselândia;2105609
2105658;JUNCO DO MARANHAO;Junco do Maranhão;2105658
2105708;LAGO DA PEDRA;Lago da Pedra;2105708
2105807;LAGO DO JUNCO;Lago do Junco;2105807
2105906;LAGO VERDE;Lago Verde;2105906
2105922;LAGOA DO MATO;Lagoa do Mato;2105922
2105948;LAGO DOS RODRIGUES;Lago dos Rodrigues;2105948
2105963;LAGOA GRANDE DO MARANHAO;Lagoa Grande do Maranhão;2105963
2105989;LAJEADO NOVO;Lajeado Novo;2105989
2106003;LIMA CAMPOS;Lima Campos;2106003
2106102;LORETO;Loreto;2106102
2106201;LUIS DOMINGUES;Luís Domingues;2106201
2106300;MAGALHAES DE ALMEIDA;Magalhães de Almeida;2106300
2106326;MARACACUME;Maracaçumé;2106326
2106359;MARAJA DO SENA;Marajá do Sena;2106359
2106375;MARANHAOZINHO;Maranhãozinho;2106375
2106409;MATA ROMA;Mata Roma;2106409
2106508;MATINHA;Matinha;2106508
2106607;MATOES;Matões;2106607
2106631;MATOES DO NORTE;Matões do Norte;2106631
2106672;MILAGRES DO MARANHAO;Milagres do Maranhão;2106672
2106706;MIRADOR;Mirador;2106706
2106755;MIRANDA DO NORTE;Miranda do Norte;2106755
2106805;MIRINZAL;Mirinzal;2106805
2106904;MONCAO;Monção;2106904
2107001;MONTES ALTOS;Montes Altos;2107001
2107100;MORROS;Morros;2107100
2107209;NINA RODRIGUES;Nina Rodrigues;2107209
2107258;NOVA COLINAS;Nova Colinas;2107258
2107308;NOVA IORQUE;Nova Iorque;2107308
2107357;NOVA OLINDA DO MARANHAO;Nova Olinda do Maranhão;2107357
2107407;OLHO D'AGUA DAS CUNHAS;Olho d'Água das Cunhãs;2107407
2107456;OLINDA NOVA DO MARANHAO;Olinda Nova do Maranhão;2107456
2107506;PACO DO LUMIAR;Paço do Lumiar;2107506
2107605;PALMEIRANDIA;Palmeirândia;2107605
2107704;PARAIBANO;Paraibano;2107704
2107803;PARNARAMA;Parnarama;2107803
2107902;PASSAGEM FRANCA;Passagem Franca;2107902
2108009;PASTOS BONS;Pastos Bons;2108009
2108058;PAULINO NEVES;Paulino Neves;2108058
2108108;PAULO RAMOS;Paulo Ramos;2108108
2108207;PEDREIRAS;Pedreiras;2108207
2108256;PEDRO DO ROSARIO;Pedro do Rosário;2108256
2108306;PENALVA;Penalva;2108306
2108405;PERI MIRIM;Peri Mirim;2108405
2108454;PERITORO;Peritoró;2108454
2108504;PINDARE-MIRIM;Pindaré-Mirim;2108504
2108603;PINHEIRO;Pinheiro;2108603
2616407;VITORIA DE SANTO ANTAO;Vitória de Santo Antão;2616407
2616506;XEXEU;Xexéu;2616506
2700102;AGUA BRANCA;Água Branca;2700102
2700201;ANADIA;Anadia;2700201
2700300;ARAPIRACA;Arapiraca;2700300
2700409;ATALAIA;Atalaia;2700409
2700508;BARRA DE SANTO ANTONIO;Barra de Santo Antônio;2700508
2700607;BARRA DE SAO MIGUEL;Barra de São Miguel;2700607
2700706;BATALHA;Batalha;2700706
2700805;BELEM;Belém;2700805
2700904;BELO MONTE;Belo Monte;2700904
2701001;BOCA DA MATA;Boca da Mata;2701001
2701100;BRANQUINHA;Branquinha;2701100
2701209;CACIMBINHAS;Cacimbinhas;2701209
2701308;CAJUEIRO;Cajueiro;2701308
2701357;CAMPESTRE;Campestre;2701357
2701407;CAMPO ALEGRE;Campo Alegre;2701407
2701506;CAMPO GRANDE;Campo Grande;5002704
2701605;CANAPI;Canapi;2701605
2701704;CAPELA;Capela;2801306
2701803;CARNEIROS;Carneiros;2701803
2701902;CHA PRETA;Chã Preta;2701902
2702009;COITE DO NOIA;Coité do Nóia;2702009
2702108;COLONIA LEOPOLDINA;Colônia Leopoldina;2702108
2702207;COQUEIRO SECO;Coqueiro Seco;2702207
2702306;CORURIPE;Coruripe;2702306
2702355;CRAIBAS;Craíbas;2702355
2702405;DELMIRO GOUVEIA;Delmiro Gouveia;2702405
2702504;DOIS RIACHOS;Dois Riachos;2702504
2702553;ESTRELA DE ALAGOAS;Estrela de Alagoas;2702553
2702603;FEIRA GRANDE;Feira Grande;2702603
2702702;FELIZ DESERTO;Feliz Deserto;2702702
2702801;FLEXEIRAS;Flexeiras;2702801
2702900;GIRAU DO PONCIANO;Girau do Ponciano;2702900
2703007;IBATEGUARA;Ibateguara;2703007
2703106;IGACI;Igaci;2703106
2703205;IGREJA NOVA;Igreja Nova;2703205
2703304;INHAPI;Inhapi;2703304
2703403;JACARE DOS HOMENS;Jacaré dos Homens;2703403
2703502;JACUIPE;Jacuípe;2703502
2703601;JAPARATINGA;Japaratinga;2703601
2703700;JARAMATAIA;Jaramataia;2703700
2703759;JEQUIA DA PRAIA;Jequiá da Praia;2703759
2703809;JOAQUIM GOMES;Joaquim Gomes;2703809
2703908;JUNDIA;Jundiá;2703908
2704005;JUNQUEIRO;Junqueiro;2704005
2704104;LAGOA DA CANOA;Lagoa da Canoa;2704104
2704203;LIMOEIRO DE ANADIA;Limoeiro de Anadia;2704203
2704302;MACEIO;Maceió;2704302
2704401;MAJOR ISIDORO;Major Isidoro;2704401
2704500;MARAGOGI;Maragogi;2704500
2704609;MARAVILHA;Maravilha;2704609
2704708;MARECHAL DEODORO;Marechal Deodoro;2704708
2704807;MARIBONDO;Maribondo;2704807
2704906;MAR VERMELHO;Mar Vermelho;2704906
2705002;MATA GRANDE;Mata Grande;2705002
2705101;MATRIZ DE CAMARAGIBE;Matriz de Camaragibe;2705101
2705200;MESSIAS;Messias;2705200
2705309;MINADOR DO NEGRAO;Minador do Negrão;2705309
2705408;MONTEIROPOLIS;Monteirópolis;2705408
2705507;MURICI;Murici;2705507
2705606;NOVO LINO;Novo Lino;2705606
2705705;OLHO D'AGUA DAS FLORES;Olho d'Água das Flores;2705705
2705804;OLHO D'AGUA DO CASADO;Olho d'Água do Casado;2705804
2705903;OLHO D'AGUA GRANDE;Olho d'Água Grande;2705903
2706000;OLIVENCA;Olivença;2706000
2706109;OURO BRANCO;Ouro Branco;2706109
2706208;PALESTINA;Palestina;2706208
2706307;PALMEIRA DOS INDIOS;Palmeira dos Índios;2706307
2706406;PAO DE ACUCAR;Pão de Açúcar;2706406
2706422;PARICONHA;Pariconha;2706422
2706448;PARIPUEIRA;Paripueira;2706448
2706505;PASSO DE CAMARAGIBE;Passo de Camaragibe;2706505
2706604;PAULO JACINTO;Paulo Jacinto;2706604
2706703;PENEDO;Penedo;2706703
2706802;PIACABUCU;Piaçabuçu;2706802
2706901;PILAR;Pilar;2706901
2707008;PINDOBA;Pindoba;2707008
2515930;SERTAOZINHO;Sertãozinho;2515930
2515971;SOBRADO;Sobrado;2515971
2516003;SOLANEA;Solânea;2516003
2516102;SOLEDADE;Soledade;2516102
2516151;SOSSEGO;Sossêgo;2516151
2516201;SOUSA;Sousa;2516201
2516300;SUME;Sumé;2516300
2516409;CAMPO DE SANTANA;Campo de Santana;2516409
2516508;TAPEROA;Taperoá;2516508
2516607;TAVARES;Tavares;2516607
2516706;TEIXEIRA;Teixeira;2516706
2516755;TENORIO;Tenório;2516755
2516805;TRIUNFO;Triunfo;2615706
2516904;UIRAUNA;Uiraúna;2516904
2517001;UMBUZEIRO;Umbuzeiro;2517001
2517100;VARZEA;Várzea;2414704
2517209;VIEIROPOLIS;Vieirópolis;2517209
2517407;ZABELE;Zabelê;2517407
2600054;ABREU E LIMA;Abreu e Lima;2600054
2600104;AFOGADOS DA INGAZEIRA;Afogados da Ingazeira;2600104
2600203;AFRANIO;Afrânio;2600203
2600302;AGRESTINA;Agrestina;2600302
2600401;AGUA PRETA;Água Preta;2600401
2600500;AGUAS BELAS;Águas Belas;2600500
2600609;ALAGOINHA;Alagoinha;2600609
2600708;ALIANCA;Aliança;2600708
2600807;ALTINHO;Altinho;2600807
2600906;AMARAJI;Amaraji;2600906
2601003;ANGELIM;Angelim;2601003
2601052;ARACOIABA;Araçoiaba;2601052
2601102;ARARIPINA;Araripina;2601102
2601201;ARCOVERDE;Arcoverde;2601201
2601300;BARRA DE GUABIRABA;Barra de Guabiraba;2601300
2601409;BARREIROS;Barreiros;2601409
2601508;BELEM DE MARIA;Belém de Maria;2601508
2601607;BELEM DE SAO FRANCISCO;Belém de São Francisco;2601607
2601706;BELO JARDIM;Belo Jardim;2601706
2601805;BETANIA;Betânia;2601805
2601904;BEZERROS;Bezerros;2601904
2602001;BODOCO;Bodocó;2602001
2602100;BOM CONSELHO;Bom Conselho;2602100
2602209;BOM JARDIM;Bom Jardim;3300506
2602308;BONITO;Bonito;5002209
2602407;BREJAO;Brejão;2602407
2602506;BREJINHO;Brejinho;2401800
2602605;BREJO DA MADRE DE DEUS;Brejo da Madre de Deus;2602605
2602704;BUENOS AIRES;Buenos Aires;2602704
2602803;BUIQUE;Buíque;2602803
2602902;CABO DE SANTO AGOSTINHO;Cabo de Santo Agostinho;2602902
2603009;CABROBO;Cabrobó;2603009
2603108;CACHOEIRINHA;Cachoeirinha;1703826
2603207;CAETES;Caetés;2603207
2603306;CALCADO;Calçado;2603306
2603405;CALUMBI;Calumbi;2603405
2603454;CAMARAGIBE;Camaragibe;2603454
2603504;CAMOCIM DE SAO FELIX;Camocim de São Félix;2603504
2603603;CAMUTANGA;Camutanga;2603603
2603702;CANHOTINHO;Canhotinho;2603702
2603801;CAPOEIRAS;Capoeiras;2603801
2603900;CARNAIBA;Carnaíba;2603900
2603926;CARNAUBEIRA DA PENHA;Carnaubeira da Penha;2603926
2604007;CARPINA;Carpina;2604007
2604106;CARUARU;Caruaru;2604106
2604155;CASINHAS;Casinhas;2604155
2604205;CATENDE;Catende;2604205
2604304;CEDRO;Cedro;2303808
2604403;CHA DE ALEGRIA;Chã de Alegria;2604403
2604502;CHA GRANDE;Chã Grande;2604502
2604601;CONDADO;Condado;2604601
2604700;CORRENTES;Correntes;2604700
2604809;CORTES;Cortês;2604809
2604908;CUMARU;Cumaru;2604908
2605004;CUPIRA;Cupira;2605004
2605103;CUSTODIA;Custódia;2605103
2605152;DORMENTES;Dormentes;2605152
2605202;ESCADA;Escada;2605202
2605301;EXU;Exu;2605301
2605400;FEIRA NOVA;Feira Nova;2802205
2605459;FERNANDO DE NORONHA;Fernando de Noronha;2605459
2605509;FERREIROS;Ferreiros;2605509
2605608;FLORES;Flores;2605608
2605707;FLORESTA;Floresta;2605707
2605806;FREI MIGUELINHO;Frei Miguelinho;2605806
2605905;GAMELEIRA;Gameleira;2605905
2606002;GARANHUNS;Garanhuns;2606002
2606101;GLORIA DO GOITA;Glória do Goitá;2606101
2606200;GOIANA;Goiana;2606200
2606309;GRANITO;Granito;2606309
2606408;GRAVATA;Gravatá;2606408
2606507;IATI;Iati;2606507
2606606;IBIMIRIM;Ibimirim;2606606
2606705;IBIRAJUBA;Ibirajuba;2606705
2606804;IGARASSU;Igarassu;2606804
2606903;IGUARACI;Iguaraci;2606903
2607000;INAJA;Inajá;2607000
2607109;INGAZEIRA;Ingazeira;2607109
2607208;IPOJUCA;Ipojuca;2607208
2607307;IPUBI;Ipubi;2607307
2607406;ITACURUBA;Itacuruba;2607406
2607505;ITAIBA;Itaíba;2607505
2607604;ILHA DE ITAMARACA;Ilha de Itamaracá;2607604
2607653;ITAMBE;Itambé;2607653
2607703;ITAPETIM;Itapetim;2607703
2607752;ITAPISSUMA;Itapissuma;2607752
2607802;ITAQUITINGA;Itaquitinga;2607802
2607901;JABOATAO DOS GUARARAPES;Jaboatão dos Guararapes;2607901
2607950;JAQUEIRA;Jaqueira;2607950
2608008;JATAUBA;Jataúba;2608008
2608057;JATOBA;Jatobá;2608057
2608107;JOAO ALFREDO;João Alfredo;2608107
2608206;JOAQUIM NABUCO;Joaquim Nabuco;2608206
2608255;JUCATI;Jucati;2608255
2608305;JUPI;Jupi;2608305
2608404;JUREMA;Jurema;2608404
2608453;LAGOA DO CARRO;Lagoa do Carro;2608453
2608503;LAGOA DO ITAENGA;Lagoa do Itaenga;2608503
2608602;LAGOA DO OURO;Lagoa do Ouro;2608602
2608701;LAGOA DOS GATOS;Lagoa dos Gatos;2608701
2608750;LAGOA GRANDE;Lagoa Grande;2608750
2608800;LAJEDO;Lajedo;2608800
2608909;LIMOEIRO;Limoeiro;2608909
2609006;MACAPARANA;Macaparana;2609006
2609105;MACHADOS;Machados;2609105
2609154;MANARI;Manari;2609154
2609204;MARAIAL;Maraial;2609204
2609303;MIRANDIBA;Mirandiba;2609303
2609402;MORENO;Moreno;2609402
2609501;NAZARE DA MATA;Nazaré da Mata;2609501
2609600;OLINDA;Olinda;2609600
2609709;OROBO;Orobó;2609709
2609808;OROCO;Orocó;2609808
2609907;OURICURI;Ouricuri;2609907
2610004;PALMARES;Palmares;2610004
2610103;PALMEIRINA;Palmeirina;2610103
2610202;PANELAS;Panelas;2610202
2610301;PARANATAMA;Paranatama;2610301
2610400;PARNAMIRIM;Parnamirim;2403251
2610509;PASSIRA;Passira;2610509
2610608;PAUDALHO;Paudalho;2610608
2610707;PAULISTA;Paulista;2610707
2610806;PEDRA;Pedra;2610806
2610905;PESQUEIRA;Pesqueira;2610905
2611002;PETROLANDIA;Petrolândia;2611002
2611101;PETROLINA;Petrolina;2611101
2611200;POCAO;Poção;2611200
2611309;POMBOS;Pombos;2611309
2611408;PRIMAVERA;Primavera;1506104
2611507;QUIPAPA;Quipapá;2611507
2611533;QUIXABA;Quixaba;2611533
2611606;RECIFE;Recife;2611606
2611705;RIACHO DAS ALMAS;Riacho das Almas;2611705
2611804;RIBEIRAO;Ribeirão;2611804
2611903;RIO FORMOSO;Rio Formoso;2611903
2612000;SAIRE;Sairé;2612000
2612109;SALGADINHO;Salgadinho;2612109
2612208;SALGUEIRO;Salgueiro;2612208
2612307;SALOA;Saloá;2612307
2612406;SANHARO;Sanharó;2612406
2612455;SANTA CRUZ;Santa Cruz;2411205
2612471;SANTA CRUZ DA BAIXA VERDE;Santa Cruz da Baixa Verde;2612471
2612505;SANTA CRUZ DO CAPIBARIBE;Santa Cruz do Capibaribe;2612505
2612554;SANTA FILOMENA;Santa Filomena;2612554
2612604;SANTA MARIA DA BOA VISTA;Santa Maria da Boa Vista;2612604
2612703;SANTA MARIA DO CAMBUCA;Santa Maria do Cambucá;2612703
2612802;SANTA TEREZINHA;Santa Terezinha;5107776
2612901;SAO BENEDITO DO SUL;São Benedito do Sul;2612901
2613008;SAO BENTO DO UNA;São Bento do Una;2613008
2613107;SAO CAITANO;São Caitano;2613107
2613206;SAO JOAO;São João;2613206
2613305;SAO JOAQUIM DO MONTE;São Joaquim do Monte;2613305
2613404;SAO JOSE DA COROA GRANDE;São José da Coroa Grande;2613404
2613503;SAO JOSE DO BELMONTE;São José do Belmonte;2613503
2613602;SAO JOSE DO EGITO;São José do Egito;2613602
2613701;SAO LOURENCO DA MATA;São Lourenço da Mata;2613701
2613800;SAO VICENTE FERRER;São Vicente Ferrer;2613800
2613909;SERRA TALHADA;Serra Talhada;2613909
2614006;SERRITA;Serrita;2614006
2614105;SERTANIA;Sertânia;2614105
2614204;SIRINHAEM;Sirinhaém;2614204
2614303;MOREILANDIA;Moreilândia;2614303
2614402;SOLIDAO;Solidão;2614402
2614501;SURUBIM;Surubim;2614501
2614600;TABIRA;Tabira;2614600
2614709;TACAIMBO;Tacaimbó;2614709
2614808;TACARATU;Tacaratu;2614808
2614857;TAMANDARE;Tamandaré;2614857
2615003;TAQUARITINGA DO NORTE;Taquaritinga do Norte;2615003
2615102;TEREZINHA;Terezinha;2615102
2615201;TERRA NOVA;Terra Nova;2615201
2615300;TIMBAUBA;Timbaúba;2615300
2615409;TORITAMA;Toritama;2615409
3102704;CACHOEIRA DE PAJEU;Cachoeira de Pajeú;3102704
3102803;ANDRELANDIA;Andrelândia;3102803
3102852;ANGELANDIA;Angelândia;3102852
3102902;ANTONIO CARLOS;Antônio Carlos;4201208
3103009;ANTONIO DIAS;Antônio Dias;3103009
3103108;ANTONIO PRADO DE MINAS;Antônio Prado de Minas;3103108
3103207;ARACAI;Araçaí;3103207
3103306;ARACITABA;Aracitaba;3103306
3103405;ARACUAI;Araçuaí;3103405
3103504;ARAGUARI;Araguari;3103504
3103603;ARANTINA;Arantina;3103603
3103702;ARAPONGA;Araponga;3103702
3103751;ARAPORA;Araporã;3103751
3103801;ARAPUA;Arapuá;3103801
3103900;ARAUJOS;Araújos;3103900
3104007;ARAXA;Araxá;3104007
3104106;ARCEBURGO;Arceburgo;3104106
3104205;ARCOS;Arcos;3104205
3104304;AREADO;Areado;3104304
3104403;ARGIRITA;Argirita;3104403
3104452;ARICANDUVA;Aricanduva;3104452
3104502;ARINOS;Arinos;3104502
3104601;ASTOLFO DUTRA;Astolfo Dutra;3104601
3104700;ATALEIA;Ataléia;3104700
3104809;AUGUSTO DE LIMA;Augusto de Lima;3104809
3104908;BAEPENDI;Baependi;3104908
3105004;BALDIM;Baldim;3105004
3105103;BAMBUI;Bambuí;3105103
3105202;BANDEIRA;Bandeira;3105202
3105301;BANDEIRA DO SUL;Bandeira do Sul;3105301
3105400;BARAO DE COCAIS;Barão de Cocais;3105400
3105509;BARAO DE MONTE ALTO;Barão de Monte Alto;3105509
3105608;BARBACENA;Barbacena;3105608
3105707;BARRA LONGA;Barra Longa;3105707
3105905;BARROSO;Barroso;3105905
3106002;BELA VISTA DE MINAS;Bela Vista de Minas;3106002
3106101;BELMIRO BRAGA;Belmiro Braga;3106101
3106200;BELO HORIZONTE;Belo Horizonte;3106200
3106309;BELO ORIENTE;Belo Oriente;3106309
3106408;BELO VALE;Belo Vale;3106408
3106507;BERILO;Berilo;3106507
3106606;BERTOPOLIS;Bertópolis;3106606
3106655;BERIZAL;Berizal;3106655
3106705;BETIM;Betim;3106705
3106804;BIAS FORTES;Bias Fortes;3106804
3106903;BICAS;Bicas;3106903
3107000;BIQUINHAS;Biquinhas;3107000
3107109;BOA ESPERANCA;Boa Esperança;3201001
3107208;BOCAINA DE MINAS;Bocaina de Minas;3107208
3107307;BOCAIUVA;Bocaiúva;3107307
3107406;BOM DESPACHO;Bom Despacho;3107406
3107505;BOM JARDIM DE MINAS;Bom Jardim de Minas;3107505
3107604;BOM JESUS DA PENHA;Bom Jesus da Penha;3107604
3107703;BOM JESUS DO AMPARO;Bom Jesus do Amparo;3107703
1506807;SANTAREM;Santarém;1506807
1506906;SANTAREM NOVO;Santarém Novo;1506906
1507003;SANTO ANTONIO DO TAUA;Santo Antônio do Tauá;1507003
1507102;SAO CAETANO DE ODIVELAS;São Caetano de Odivelas;1507102
1507151;SAO DOMINGOS DO ARAGUAIA;São Domingos do Araguaia;1507151
1507201;SAO DOMINGOS DO CAPIM;São Domingos do Capim;1507201
1507300;SAO FELIX DO XINGU;São Félix do Xingu;1507300
1507409;SAO FRANCISCO DO PARA;São Francisco do Pará;1507409
1507458;SAO GERALDO DO ARAGUAIA;São Geraldo do Araguaia;1507458
1507466;SAO JOAO DA PONTA;São João da Ponta;1507466
1507474;SAO JOAO DE PIRABAS;São João de Pirabas;1507474
1507508;SAO JOAO DO ARAGUAIA;São João do Araguaia;1507508
1507607;SAO MIGUEL DO GUAMA;São Miguel do Guamá;1507607
1507706;SAO SEBASTIAO DA BOA VISTA;São Sebastião da Boa Vista;1507706
1507755;SAPUCAIA;Sapucaia;3305406
1507805;SENADOR JOSE PORFIRIO;Senador José Porfírio;1507805
1507904;SOURE;Soure;1507904
1507953;TAILANDIA;Tailândia;1507953
1507961;TERRA ALTA;Terra Alta;1507961
1507979;TERRA SANTA;Terra Santa;1507979
1508001;TOME-ACU;Tomé-Açu;1508001
1508035;TRACUATEUA;Tracuateua;1508035
1508050;TRAIRAO;Trairão;1508050
1508084;TUCUMA;Tucumã;1508084
1508100;TUCURUI;Tucuruí;1508100
1508126;ULIANOPOLIS;Ulianópolis;1508126
1508159;URUARA;Uruará;1508159
1508209;VIGIA;Vigia;1508209
1508308;VISEU;Viseu;1508308
1508357;VITORIA DO XINGU;Vitória do Xingu;1508357
1508407;XINGUARA;Xinguara;1508407
1600055;SERRA DO NAVIO;Serra do Navio;1600055
1600105;AMAPA;Amapá;1600105
1600154;PEDRA BRANCA DO AMAPARI;Pedra Branca do Amapari;1600154
1600204;CALCOENE;Calçoene;1600204
1600212;CUTIAS;Cutias;1600212
1600238;FERREIRA GOMES;Ferreira Gomes;1600238
1600253;ITAUBAL;Itaubal;1600253
1600279;LARANJAL DO JARI;Laranjal do Jari;1600279
1600303;MACAPA;Macapá;1600303
1600402;MAZAGAO;Mazagão;1600402
1600501;OIAPOQUE;Oiapoque;1600501
1600535;PORTO GRANDE;Porto Grande;1600535
1600550;PRACUUBA;Pracuúba;1600550
1600600;SANTANA;Santana;1600600
1600709;TARTARUGALZINHO;Tartarugalzinho;1600709
1600808;VITORIA DO JARI;Vitória do Jari;1600808
1700251;ABREULANDIA;Abreulândia;1700251
1700301;AGUIARNOPOLIS;Aguiarnópolis;1700301
1700350;ALIANCA DO TOCANTINS;Aliança do Tocantins;1700350
1700400;ALMAS;Almas;1700400
1700707;ALVORADA;Alvorada;1700707
1701002;ANANAS;Ananás;1701002
1701051;ANGICO;Angico;1701051
1701101;APARECIDA DO RIO NEGRO;Aparecida do Rio Negro;1701101
1701309;ARAGOMINAS;Aragominas;1701309
1701903;ARAGUACEMA;Araguacema;1701903
1702000;ARAGUACU;Araguaçu;1702000
1702109;ARAGUAINA;Araguaína;1702109
1702158;ARAGUANA;Araguanã;1702158
1702208;ARAGUATINS;Araguatins;1702208
1702307;ARAPOEMA;Arapoema;1702307
1702406;ARRAIAS;Arraias;1702406
1702554;AUGUSTINOPOLIS;Augustinópolis;1702554
1702703;AURORA DO TOCANTINS;Aurora do Tocantins;1702703
1702901;AXIXA DO TOCANTINS;Axixá do Tocantins;1702901
1703008;BABACULANDIA;Babaçulândia;1703008
1703057;BANDEIRANTES DO TOCANTINS;Bandeirantes do Tocantins;1703057
1703073;BARRA DO OURO;Barra do Ouro;1703073
1703107;BARROLANDIA;Barrolândia;1703107
1703206;BERNARDO SAYAO;Bernardo Sayão;1703206
1703305;BOM JESUS DO TOCANTINS;Bom Jesus do Tocantins;1703305
1703602;BRASILANDIA DO TOCANTINS;Brasilândia do Tocantins;1703602
1703701;BREJINHO DE NAZARE;Brejinho de Nazaré;1703701
1703800;BURITI DO TOCANTINS;Buriti do Tocantins;1703800
1703826;CACHOEIRINHA;Cachoeirinha;1703826
1703842;CAMPOS LINDOS;Campos Lindos;1703842
1703867;CARIRI DO TOCANTINS;Cariri do Tocantins;1703867
1703883;CARMOLANDIA;Carmolândia;1703883
1703891;CARRASCO BONITO;Carrasco Bonito;1703891
1703909;CASEARA;Caseara;1703909
1704105;CENTENARIO;Centenário;1704105
1704600;CHAPADA DE AREIA;Chapada de Areia;1704600
1705102;CHAPADA DA NATIVIDADE;Chapada da Natividade;1705102
1705508;COLINAS DO TOCANTINS;Colinas do Tocantins;1705508
1705557;COMBINADO;Combinado;1705557
1705607;CONCEICAO DO TOCANTINS;Conceição do Tocantins;1705607
1706001;COUTO DE MAGALHAES;Couto de Magalhães;1706001
1706100;CRISTALANDIA;Cristalândia;1706100
1706258;CRIXAS DO TOCANTINS;Crixás do Tocantins;1706258
1706506;DARCINOPOLIS;Darcinópolis;1706506
1707009;DIANOPOLIS;Dianópolis;1707009
1707108;DIVINOPOLIS DO TOCANTINS;Divinópolis do Tocantins;1707108
1707207;DOIS IRMAOS DO TOCANTINS;Dois Irmãos do Tocantins;1707207
1707306;DUERE;Dueré;1707306
1707405;ESPERANTINA;Esperantina;1707405
1707553;FATIMA;Fátima;1707553
1707652;FIGUEIROPOLIS;Figueirópolis;1707652
1707702;FILADELFIA;Filadélfia;1707702
1708205;FORMOSO DO ARAGUAIA;Formoso do Araguaia;1708205
1708254;FORTALEZA DO TABOCAO;Fortaleza do Tabocão;1708254
1708304;GOIANORTE;Goianorte;1708304
1709005;GOIATINS;Goiatins;1709005
1709302;GUARAI;Guaraí;1709302
1709500;GURUPI;Gurupi;1709500
1709807;IPUEIRAS;Ipueiras;1709807
1710508;ITACAJA;Itacajá;1710508
1710706;ITAGUATINS;Itaguatins;1710706
1710904;ITAPIRATINS;Itapiratins;1710904
1711100;ITAPORA DO TOCANTINS;Itaporã do Tocantins;1711100
1711506;JAU DO TOCANTINS;Jaú do Tocantins;1711506
1711803;JUARINA;Juarina;1711803
1711902;LAGOA DA CONFUSAO;Lagoa da Confusão;1711902
1711951;LAGOA DO TOCANTINS;Lagoa do Tocantins;1711951
1712009;LAJEADO;Lajeado;1712009
1712157;LAVANDEIRA;Lavandeira;1712157
1712405;LIZARDA;Lizarda;1712405
1712454;LUZINOPOLIS;Luzinópolis;1712454
1712504;MARIANOPOLIS DO TOCANTINS;Marianópolis do Tocantins;1712504
1712702;MATEIROS;Mateiros;1712702
1712801;MAURILANDIA DO TOCANTINS;Maurilândia do Tocantins;1712801
1713205;MIRACEMA DO TOCANTINS;Miracema do Tocantins;1713205
1713304;MIRANORTE;Miranorte;1713304
1713601;MONTE DO CARMO;Monte do Carmo;1713601
1713700;MONTE SANTO DO TOCANTINS;Monte Santo do Tocantins;1713700
1713809;PALMEIRAS DO TOCANTINS;Palmeiras do Tocantins;1713809
1713957;MURICILANDIA;Muricilândia;1713957
1714203;NATIVIDADE;Natividade;3303104
1714302;NAZARE;Nazaré;1714302
1714880;NOVA OLINDA;Nova Olinda;1714880
1715002;NOVA ROSALANDIA;Nova Rosalândia;1715002
1715101;NOVO ACORDO;Novo Acordo;1715101
1715150;NOVO ALEGRE;Novo Alegre;1715150
1715259;NOVO JARDIM;Novo Jardim;1715259
1715507;OLIVEIRA DE FATIMA;Oliveira de Fátima;1715507
1715705;PALMEIRANTE;Palmeirante;1715705
1715754;PALMEIROPOLIS;Palmeirópolis;1715754
1716109;PARAISO DO TOCANTINS;Paraíso do Tocantins;1716109
1716208;PARANA;Paranã;1716208
1716307;PAU D'ARCO;Pau D'Arco;1716307
1716505;PEDRO AFONSO;Pedro Afonso;1716505
1716604;PEIXE;Peixe;1716604
1716653;PEQUIZEIRO;Pequizeiro;1716653
1716703;COLMEIA;Colméia;1716703
1717008;PINDORAMA DO TOCANTINS;Pindorama do Tocantins;1717008
1717206;PIRAQUE;Piraquê;1717206
1717503;PIUM;Pium;1717503
1717800;PONTE ALTA DO BOM JESUS;Ponte Alta do Bom Jesus;1717800
1717909;PONTE ALTA DO TOCANTINS;Ponte Alta do Tocantins;1717909
1718006;PORTO ALEGRE DO TOCANTINS;Porto Alegre do Tocantins;1718006
1718204;PORTO NACIONAL;Porto Nacional;1718204
1718303;PRAIA NORTE;Praia Norte;1718303
1718402;PRESIDENTE KENNEDY;Presidente Kennedy;3204302
1718451;PUGMIL;Pugmil;1718451
1718501;RECURSOLANDIA;Recursolândia;1718501
1718550;RIACHINHO;Riachinho;1718550
1718659;RIO DA CONCEICAO;Rio da Conceição;1718659
1718709;RIO DOS BOIS;Rio dos Bois;1718709
1718758;RIO SONO;Rio Sono;1718758
1718808;SAMPAIO;Sampaio;1718808
1718840;SANDOLANDIA;Sandolândia;1718840
1718865;SANTA FE DO ARAGUAIA;Santa Fé do Araguaia;1718865
1718881;SANTA MARIA DO TOCANTINS;Santa Maria do Tocantins;1718881
2208007;PICOS;Picos;2208007
2208106;PIMENTEIRAS;Pimenteiras;2208106
2208205;PIO IX;Pio IX;2208205
2208304;PIRACURUCA;Piracuruca;2208304
2208403;PIRIPIRI;Piripiri;2208403
2208502;PORTO;Porto;2208502
2208551;PORTO ALEGRE DO PIAUI;Porto Alegre do Piauí;2208551
2208601;PRATA DO PIAUI;Prata do Piauí;2208601
2208650;QUEIMADA NOVA;Queimada Nova;2208650
2208700;REDENCAO DO GURGUEIA;Redenção do Gurguéia;2208700
2208809;REGENERACAO;Regeneração;2208809
2208858;RIACHO FRIO;Riacho Frio;2208858
2208874;RIBEIRA DO PIAUI;Ribeira do Piauí;2208874
2208908;RIBEIRO GONCALVES;Ribeiro Gonçalves;2208908
2209005;RIO GRANDE DO PIAUI;Rio Grande do Piauí;2209005
2209104;SANTA CRUZ DO PIAUI;Santa Cruz do Piauí;2209104
2209153;SANTA CRUZ DOS MILAGRES;Santa Cruz dos Milagres;2209153
2209203;SANTA FILOMENA;Santa Filomena;2612554
2209302;SANTA LUZ;Santa Luz;2209302
2209351;SANTANA DO PIAUI;Santana do Piauí;2209351
2209377;SANTA ROSA DO PIAUI;Santa Rosa do Piauí;2209377
2209401;SANTO ANTONIO DE LISBOA;Santo Antônio de Lisboa;2209401
2209450;SANTO ANTONIO DOS MILAGRES;Santo Antônio dos Milagres;2209450
2209500;SANTO INACIO DO PIAUI;Santo Inácio do Piauí;2209500
2209559;SAO BRAZ DO PIAUI;São Braz do Piauí;2209559
2209609;SAO FELIX DO PIAUI;São Félix do Piauí;2209609
2209658;SAO FRANCISCO DE ASSIS PIAUI;São Francisco de Assis Piauí;#N/D
2209708;SAO FRANCISCO DO PIAUI;São Francisco do Piauí;2209708
2209757;SAO GONCALO DO GURGUEIA;São Gonçalo do Gurguéia;2209757
2209807;SAO GONCALO DO PIAUI;São Gonçalo do Piauí;2209807
2209856;SAO JOAO DA CANABRAVA;São João da Canabrava;2209856
2209872;SAO JOAO DA FRONTEIRA;São João da Fronteira;2209872
2209906;SAO JOAO DA SERRA;São João da Serra;2209906
2209955;SAO JOAO DA VARJOTA;São João da Varjota;2209955
2209971;SAO JOAO DO ARRAIAL;São João do Arraial;2209971
2210003;SAO JOAO DO PIAUI;São João do Piauí;2210003
2210052;SAO JOSE DO DIVINO;São José do Divino;2210052
2210102;SAO JOSE DO PEIXE;São José do Peixe;2210102
2210201;SAO JOSE DO PIAUI;São José do Piauí;2210201
2210300;SAO JULIAO;São Julião;2210300
2210359;SAO LOURENCO DO PIAUI;São Lourenço do Piauí;2210359
2210375;SAO LUIS DO PIAUI;São Luis do Piauí;2210375
2210383;SAO MIGUEL DA BAIXA GRANDE;São Miguel da Baixa Grande;2210383
2210391;SAO MIGUEL DO FIDALGO;São Miguel do Fidalgo;2210391
2210409;SAO MIGUEL DO TAPUIO;São Miguel do Tapuio;2210409
2210508;SAO PEDRO DO PIAUI;São Pedro do Piauí;2210508
2210607;SAO RAIMUNDO NONATO;São Raimundo Nonato;2210607
2210623;SEBASTIAO BARROS;Sebastião Barros;2210623
2210631;SEBASTIAO LEAL;Sebastião Leal;2210631
2210656;SIGEFREDO PACHECO;Sigefredo Pacheco;2210656
2210706;SIMOES;Simões;2210706
2210805;SIMPLICIO MENDES;Simplício Mendes;2210805
2210904;SOCORRO DO PIAUI;Socorro do Piauí;2210904
2210938;SUSSUAPARA;Sussuapara;2210938
2210953;TAMBORIL DO PIAUI;Tamboril do Piauí;2210953
2210979;TANQUE DO PIAUI;Tanque do Piauí;2210979
2211001;TERESINA;Teresina;2211001
2211100;UNIAO;União;2211100
2211209;URUCUI;Uruçuí;2211209
2211308;VALENCA DO PIAUI;Valença do Piauí;2211308
2211357;VARZEA BRANCA;Várzea Branca;2211357
2211407;VARZEA GRANDE;Várzea Grande;5108402
2211506;VERA MENDES;Vera Mendes;2211506
2211605;VILA NOVA DO PIAUI;Vila Nova do Piauí;2211605
2211704;WALL FERRAZ;Wall Ferraz;2211704
2300101;ABAIARA;Abaiara;2300101
2300150;ACARAPE;Acarapé;#N/D
2300200;ACARAU;Acaraú;2300200
2300309;ACOPIARA;Acopiara;2300309
2300408;AIUABA;Aiuaba;2300408
2300507;ALCANTARAS;Alcântaras;2300507
2300606;ALTANEIRA;Altaneira;2300606
2300705;ALTO SANTO;Alto Santo;2300705
2300754;AMONTADA;Amontada;2300754
2300804;ANTONINA DO NORTE;Antonina do Norte;2300804
2300903;APUIARES;Apuiarés;2300903
2301000;AQUIRAZ;Aquiraz;2301000
2301109;ARACATI;Aracati;2301109
2301208;ARACOIABA;Aracoiaba;2301208
2301257;ARARENDA;Ararendá;2301257
2301307;ARARIPE;Araripe;2301307
2301406;ARATUBA;Aratuba;2301406
2301505;ARNEIROZ;Arneiroz;2301505
2301604;ASSARE;Assaré;2301604
2301703;AURORA;Aurora;2301703
2301802;BAIXIO;Baixio;2301802
2301851;BANABUIU;Banabuiú;2301851
2301901;BARBALHA;Barbalha;2301901
2301950;BARREIRA;Barreira;2301950
2302008;BARRO;Barro;2302008
2302057;BARROQUINHA;Barroquinha;2302057
2302107;BATURITE;Baturité;2302107
2302206;BEBERIBE;Beberibe;2302206
2302305;BELA CRUZ;Bela Cruz;2302305
2302404;BOA VIAGEM;Boa Viagem;2302404
2302503;BREJO SANTO;Brejo Santo;2302503
2302602;CAMOCIM;Camocim;2302602
2302701;CAMPOS SALES;Campos Sales;2302701
2302800;CANINDE;Canindé;2302800
2302909;CAPISTRANO;Capistrano;2302909
2303006;CARIDADE;Caridade;2303006
2303105;CARIRE;Cariré;2303105
2303204;CARIRIACU;Caririaçu;2303204
2303303;CARIUS;Cariús;2303303
2303402;CARNAUBAL;Carnaubal;2303402
2303501;CASCAVEL;Cascavel;2303501
2303600;CATARINA;Catarina;2303600
2303659;CATUNDA;Catunda;2303659
2303709;CAUCAIA;Caucaia;2303709
2303808;CEDRO;Cedro;2303808
2303907;CHAVAL;Chaval;2303907
2303931;CHORO;Choró;2303931
2303956;CHOROZINHO;Chorozinho;2303956
2304004;COREAU;Coreaú;2304004
2304103;CRATEUS;Crateús;2304103
2304202;CRATO;Crato;2304202
2304236;CROATA;Croatá;2304236
2304251;CRUZ;Cruz;2304251
2304269;DEPUTADO IRAPUAN PINHEIRO;Deputado Irapuan Pinheiro;2304269
2304277;ERERE;Ererê;2304277
2304285;EUSEBIO;Eusébio;2304285
2304301;FARIAS BRITO;Farias Brito;2304301
2304350;FORQUILHA;Forquilha;2304350
2304400;FORTALEZA;Fortaleza;2304400
2304459;FORTIM;Fortim;2304459
2304509;FRECHEIRINHA;Frecheirinha;2304509
2304608;GENERAL SAMPAIO;General Sampaio;2304608
2304657;GRACA;Graça;2304657
2304707;GRANJA;Granja;2304707
2304806;GRANJEIRO;Granjeiro;2304806
2304905;GROAIRAS;Groaíras;2304905
2304954;GUAIUBA;Guaiúba;2304954
2305001;GUARACIABA DO NORTE;Guaraciaba do Norte;2305001
2305100;GUARAMIRANGA;Guaramiranga;2305100
2305209;HIDROLANDIA;Hidrolândia;2305209
2305233;HORIZONTE;Horizonte;2305233
2305266;IBARETAMA;Ibaretama;2305266
2305308;IBIAPINA;Ibiapina;2305308
2305332;IBICUITINGA;Ibicuitinga;2305332
2305357;ICAPUI;Icapuí;2305357
2305407;ICO;Icó;2305407
2305506;IGUATU;Iguatu;2305506
2305605;INDEPENDENCIA;Independência;2305605
2305654;IPAPORANGA;Ipaporanga;2305654
2305704;IPAUMIRIM;Ipaumirim;2305704
2305803;IPU;Ipu;2305803
2305902;IPUEIRAS;Ipueiras;1709807
2306009;IRACEMA;Iracema;1400282
2306108;IRAUCUBA;Irauçuba;2306108
2306207;ITAICABA;Itaiçaba;2306207
2306256;ITAITINGA;Itaitinga;2306256
2306306;ITAPAGE;Itapagé;2306306
2306405;ITAPIPOCA;Itapipoca;2306405
2306504;ITAPIUNA;Itapiúna;2306504
2306553;ITAREMA;Itarema;2306553
2306603;ITATIRA;Itatira;2306603
2306702;JAGUARETAMA;Jaguaretama;2306702
2306801;JAGUARIBARA;Jaguaribara;2306801
2306900;JAGUARIBE;Jaguaribe;2306900
2307007;JAGUARUANA;Jaguaruana;2307007
2307106;JARDIM;Jardim;5005004
2307205;JATI;Jati;2307205
2307254;JIJOCA DE JERICOACOARA;Jijoca de Jericoacoara;2307254
2307304;JUAZEIRO DO NORTE;Juazeiro do Norte;2307304
2307403;JUCAS;Jucás;2307403
2307502;LAVRAS DA MANGABEIRA;Lavras da Mangabeira;2307502
2307601;LIMOEIRO DO NORTE;Limoeiro do Norte;2307601
2307635;MADALENA;Madalena;2307635
2307650;MARACANAU;Maracanaú;2307650
2307700;MARANGUAPE;Maranguape;2307700
2307809;MARCO;Marco;2307809
2307908;MARTINOPOLE;Martinópole;2307908
2308005;MASSAPE;Massapê;2308005
2308104;MAURITI;Mauriti;2308104
2308203;MERUOCA;Meruoca;2308203
2308302;MILAGRES;Milagres;2308302
2308351;MILHA;Milhã;2308351
2308377;MIRAIMA;Miraíma;2308377
3125606;FELISBURGO;Felisburgo;3125606
3125705;FELIXLANDIA;Felixlândia;3125705
3125804;FERNANDES TOURINHO;Fernandes Tourinho;3125804
3125903;FERROS;Ferros;3125903
3125952;FERVEDOURO;Fervedouro;3125952
3126000;FLORESTAL;Florestal;3126000
3126109;FORMIGA;Formiga;3126109
3126208;FORMOSO;Formoso;5208103
3126307;FORTALEZA DE MINAS;Fortaleza de Minas;3126307
3126406;FORTUNA DE MINAS;Fortuna de Minas;3126406
3126505;FRANCISCO BADARO;Francisco Badaró;3126505
3126604;FRANCISCO DUMONT;Francisco Dumont;3126604
3126703;FRANCISCO SA;Francisco Sá;3126703
3126752;FRANCISCOPOLIS;Franciscópolis;3126752
3126802;FREI GASPAR;Frei Gaspar;3126802
3126901;FREI INOCENCIO;Frei Inocêncio;3126901
3126950;FREI LAGONEGRO;Frei Lagonegro;3126950
3127008;FRONTEIRA;Fronteira;3127008
3127057;FRONTEIRA DOS VALES;Fronteira dos Vales;3127057
3127073;FRUTA DE LEITE;Fruta de Leite;3127073
3127107;FRUTAL;Frutal;3127107
3127206;FUNILANDIA;Funilândia;3127206
3127305;GALILEIA;Galiléia;3127305
3127339;GAMELEIRAS;Gameleiras;3127339
3127354;GLAUCILANDIA;Glaucilândia;3127354
3127370;GOIABEIRA;Goiabeira;3127370
3127388;GOIANA;Goianá;3127388
3127404;GONCALVES;Gonçalves;3127404
3127503;GONZAGA;Gonzaga;3127503
3127602;GOUVEIA;Gouveia;3127602
3127701;GOVERNADOR VALADARES;Governador Valadares;3127701
3127800;GRAO MOGOL;Grão Mogol;3127800
3127909;GRUPIARA;Grupiara;3127909
3128006;GUANHAES;Guanhães;3128006
3128105;GUAPE;Guapé;3128105
3128204;GUARACIABA;Guaraciaba;4206405
3128253;GUARACIAMA;Guaraciama;3128253
3128303;GUARANESIA;Guaranésia;3128303
3128402;GUARANI;Guarani;3128402
3128501;GUARARA;Guarará;3128501
3128600;GUARDA-MOR;Guarda-Mor;3128600
3128709;GUAXUPE;Guaxupé;3128709
3128808;GUIDOVAL;Guidoval;3128808
3128907;GUIMARANIA;Guimarânia;3128907
3129004;GUIRICEMA;Guiricema;3129004
3129103;GURINHATA;Gurinhatã;3129103
3129202;HELIODORA;Heliodora;3129202
3129301;IAPU;Iapu;3129301
3129400;IBERTIOGA;Ibertioga;3129400
3129509;IBIA;Ibiá;3129509
3129608;IBIAI;Ibiaí;3129608
3129657;IBIRACATU;Ibiracatu;3129657
3129707;IBIRACI;Ibiraci;3129707
3129806;IBIRITE;Ibirité;3129806
2308401;MISSAO VELHA;Missão Velha;2308401
2308500;MOMBACA;Mombaça;2308500
2308609;MONSENHOR TABOSA;Monsenhor Tabosa;2308609
2308708;MORADA NOVA;Morada Nova;2308708
2308807;MORAUJO;Moraújo;2308807
2308906;MORRINHOS;Morrinhos;2308906
2309003;MUCAMBO;Mucambo;2309003
2309102;MULUNGU;Mulungu;2309102
2309201;NOVA OLINDA;Nova Olinda;1714880
2309300;NOVA RUSSAS;Nova Russas;2309300
2309409;NOVO ORIENTE;Novo Oriente;2309409
2309458;OCARA;Ocara;2309458
2309508;OROS;Orós;2309508
2309607;PACAJUS;Pacajus;2309607
2309706;PACATUBA;Pacatuba;2804904
2309805;PACOTI;Pacoti;2309805
2309904;PACUJA;Pacujá;2309904
2310001;PALHANO;Palhano;2310001
2310100;PALMACIA;Palmácia;2310100
2310209;PARACURU;Paracuru;2310209
2310258;PARAIPABA;Paraipaba;2310258
2310308;PARAMBU;Parambu;2310308
2310407;PARAMOTI;Paramoti;2310407
2310506;PEDRA BRANCA;Pedra Branca;2310506
2310605;PENAFORTE;Penaforte;2310605
2310704;PENTECOSTE;Pentecoste;2310704
2310803;PEREIRO;Pereiro;2310803
2310852;PINDORETAMA;Pindoretama;2310852
2310902;PIQUET CARNEIRO;Piquet Carneiro;2310902
2310951;PIRES FERREIRA;Pires Ferreira;2310951
2311009;PORANGA;Poranga;2311009
2311108;PORTEIRAS;Porteiras;2311108
2311207;POTENGI;Potengi;2311207
2311231;POTIRETAMA;Potiretama;2311231
2311264;QUITERIANOPOLIS;Quiterianópolis;2311264
2311306;QUIXADA;Quixadá;2311306
2311355;QUIXELO;Quixelô;2311355
2311405;QUIXERAMOBIM;Quixeramobim;2311405
2311504;QUIXERE;Quixeré;2311504
2311603;REDENCAO;Redenção;1506138
2311702;RERIUTABA;Reriutaba;2311702
2311801;RUSSAS;Russas;2311801
2311900;SABOEIRO;Saboeiro;2311900
2311959;SALITRE;Salitre;2311959
2312007;SANTANA DO ACARAU;Santana do Acaraú;2312007
2312106;SANTANA DO CARIRI;Santana do Cariri;2312106
2312205;SANTA QUITERIA;Santa Quitéria;2312205
2312304;SAO BENEDITO;São Benedito;2312304
2312403;SAO GONCALO DO AMARANTE;São Gonçalo do Amarante;2412005
2312502;SAO JOAO DO JAGUARIBE;São João do Jaguaribe;2312502
2312601;SAO LUIS DO CURU;São Luís do Curu;2312601
2312700;SENADOR POMPEU;Senador Pompeu;2312700
2312809;SENADOR SA;Senador Sá;2312809
2312908;SOBRAL;Sobral;2312908
2313005;SOLONOPOLE;Solonópole;2313005
2313104;TABULEIRO DO NORTE;Tabuleiro do Norte;2313104
2313203;TAMBORIL;Tamboril;2313203
2313252;TARRAFAS;Tarrafas;2313252
2313302;TAUA;Tauá;2313302
2313351;TEJUCUOCA;Tejuçuoca;2313351
2313401;TIANGUA;Tianguá;2313401
2313500;TRAIRI;Trairi;2313500
2313559;TURURU;Tururu;2313559
2313609;UBAJARA;Ubajara;2313609
2313708;UMARI;Umari;2313708
2313757;UMIRIM;Umirim;2313757
2313807;URUBURETAMA;Uruburetama;2313807
2313906;URUOCA;Uruoca;2313906
2313955;VARJOTA;Varjota;2313955
2314003;VARZEA ALEGRE;Várzea Alegre;2314003
2314102;VICOSA DO CEARA;Viçosa do Ceará;2314102
2400109;ACARI;Acari;2400109
2400208;ACU;Açu;2400208
2400307;AFONSO BEZERRA;Afonso Bezerra;2400307
2400406;AGUA NOVA;Água Nova;2400406
2400505;ALEXANDRIA;Alexandria;2400505
2400604;ALMINO AFONSO;Almino Afonso;2400604
2400703;ALTO DO RODRIGUES;Alto do Rodrigues;2400703
2400802;ANGICOS;Angicos;2400802
2400901;ANTONIO MARTINS;Antônio Martins;2400901
2401008;APODI;Apodi;2401008
2401107;AREIA BRANCA;Areia Branca;2800506
2401206;ARES;Arês;2401206
2401305;AUGUSTO SEVERO;Augusto Severo;2401305
2401404;BAIA FORMOSA;Baía Formosa;2401404
2401453;BARAUNA;Baraúna;2401453
2401503;BARCELONA;Barcelona;2401503
2401602;BENTO FERNANDES;Bento Fernandes;2401602
2401651;BODO;Bodó;2401651
2401701;BOM JESUS;Bom Jesus;2401701
2401800;BREJINHO;Brejinho;2401800
2401859;CAICARA DO NORTE;Caiçara do Norte;2401859
2401909;CAICARA DO RIO DO VENTO;Caiçara do Rio do Vento;2401909
2402006;CAICO;Caicó;2402006
2402105;CAMPO REDONDO;Campo Redondo;2402105
2402204;CANGUARETAMA;Canguaretama;2402204
2402303;CARAUBAS;Caraúbas;2402303
2402402;CARNAUBA DOS DANTAS;Carnaúba dos Dantas;2402402
2402501;CARNAUBAIS;Carnaubais;2402501
2402600;CEARA-MIRIM;Ceará-Mirim;2402600
2402709;CERRO CORA;Cerro Corá;2402709
2402808;CORONEL EZEQUIEL;Coronel Ezequiel;2402808
1719004;SANTA TEREZA DO TOCANTINS;Santa Tereza do Tocantins;1719004
1720002;SANTA TEREZINHA DO TOCANTINS;Santa Terezinha do Tocantins;1720002
1720101;SAO BENTO DO TOCANTINS;São Bento do Tocantins;1720101
1720150;SAO FELIX DO TOCANTINS;São Félix do Tocantins;1720150
1720200;SAO MIGUEL DO TOCANTINS;São Miguel do Tocantins;1720200
1720259;SAO SALVADOR DO TOCANTINS;São Salvador do Tocantins;1720259
1720309;SAO SEBASTIAO DO TOCANTINS;São Sebastião do Tocantins;1720309
1720499;SAO VALERIO DA NATIVIDADE;São Valério da Natividade;1720499
1720655;SILVANOPOLIS;Silvanópolis;1720655
1720804;SITIO NOVO DO TOCANTINS;Sítio Novo do Tocantins;1720804
1720853;SUCUPIRA;Sucupira;1720853
1720903;TAGUATINGA;Taguatinga;1720903
1720937;TAIPAS DO TOCANTINS;Taipas do Tocantins;1720937
1720978;TALISMA;Talismã;1720978
1721000;PALMAS;Palmas;1721000
1721109;TOCANTINIA;Tocantínia;1721109
1721208;TOCANTINOPOLIS;Tocantinópolis;1721208
1721257;TUPIRAMA;Tupirama;1721257
1721307;TUPIRATINS;Tupiratins;1721307
1722081;WANDERLANDIA;Wanderlândia;1722081
1722107;XAMBIOA;Xambioá;1722107
2100055;ACAILANDIA;Açailândia;2100055
2100105;AFONSO CUNHA;Afonso Cunha;2100105
2100154;AGUA DOCE DO MARANHAO;Água Doce do Maranhão;2100154
2100204;ALCANTARA;Alcântara;2100204
2100303;ALDEIAS ALTAS;Aldeias Altas;2100303
2100402;ALTAMIRA DO MARANHAO;Altamira do Maranhão;2100402
2100436;ALTO ALEGRE DO MARANHAO;Alto Alegre do Maranhão;2100436
2100477;ALTO ALEGRE DO PINDARE;Alto Alegre do Pindaré;2100477
2100501;ALTO PARNAIBA;Alto Parnaíba;2100501
2100550;AMAPA DO MARANHAO;Amapá do Maranhão;2100550
2100600;AMARANTE DO MARANHAO;Amarante do Maranhão;2100600
2100709;ANAJATUBA;Anajatuba;2100709
2100808;ANAPURUS;Anapurus;2100808
2100832;APICUM-ACU;Apicum-Açu;2100832
2100873;ARAGUANA;Araguanã;1702158
2100907;ARAIOSES;Araioses;2100907
2100956;ARAME;Arame;2100956
2101004;ARARI;Arari;2101004
2101103;AXIXA;Axixá;2101103
2101202;BACABAL;Bacabal;2101202
2101251;BACABEIRA;Bacabeira;2101251
2101301;BACURI;Bacuri;2101301
2101350;BACURITUBA;Bacurituba;2101350
2101400;BALSAS;Balsas;2101400
2101509;BARAO DE GRAJAU;Barão de Grajaú;2101509
2101608;BARRA DO CORDA;Barra do Corda;2101608
2101707;BARREIRINHAS;Barreirinhas;2101707
2101731;BELAGUA;Belágua;2101731
2101772;BELA VISTA DO MARANHAO;Bela Vista do Maranhão;2101772
2101806;BENEDITO LEITE;Benedito Leite;2101806
2101905;BEQUIMAO;Bequimão;2101905
2101939;BERNARDO DO MEARIM;Bernardo do Mearim;2101939
2101970;BOA VISTA DO GURUPI;Boa Vista do Gurupi;2101970
2102002;BOM JARDIM;Bom Jardim;3300506
2102036;BOM JESUS DAS SELVAS;Bom Jesus das Selvas;2102036
2102077;BOM LUGAR;Bom Lugar;2102077
2102101;BREJO;Brejo;2102101
2102150;BREJO DE AREIA;Brejo de Areia;2102150
2102200;BURITI;Buriti;2102200
2102309;BURITI BRAVO;Buriti Bravo;2102309
2102325;BURITICUPU;Buriticupu;2102325
2102358;BURITIRANA;Buritirana;2102358
2102374;CACHOEIRA GRANDE;Cachoeira Grande;2102374
2102408;CAJAPIO;Cajapió;2102408
2102507;CAJARI;Cajari;2102507
2102556;CAMPESTRE DO MARANHAO;Campestre do Maranhão;2102556
2102606;CANDIDO MENDES;Cândido Mendes;2102606
2102705;CANTANHEDE;Cantanhede;2102705
2102754;CAPINZAL DO NORTE;Capinzal do Norte;2102754
2102804;CAROLINA;Carolina;2102804
2102903;CARUTAPERA;Carutapera;2102903
2103000;CAXIAS;Caxias;2103000
2103109;CEDRAL;Cedral;2103109
2103125;CENTRAL DO MARANHAO;Central do Maranhão;2103125
2615508;TRACUNHAEM;Tracunhaém;2615508
2615607;TRINDADE;Trindade;2615607
2615706;TRIUNFO;Triunfo;2615706
2615805;TUPANATINGA;Tupanatinga;2615805
2615904;TUPARETAMA;Tuparetama;2615904
2616001;VENTUROSA;Venturosa;2616001
2616100;VERDEJANTE;Verdejante;2616100
2616183;VERTENTE DO LERIO;Vertente do Lério;2616183
2616209;VERTENTES;Vertentes;2616209
2616308;VICENCIA;Vicência;2616308
2906907;CARAVELAS;Caravelas;2906907
2907004;CARDEAL DA SILVA;Cardeal da Silva;2907004
2907103;CARINHANHA;Carinhanha;2907103
2907202;CASA NOVA;Casa Nova;2907202
2907301;CASTRO ALVES;Castro Alves;2907301
2907400;CATOLANDIA;Catolândia;2907400
2907509;CATU;Catu;2907509
2907558;CATURAMA;Caturama;2907558
2907608;CENTRAL;Central;2907608
2907707;CHORROCHO;Chorrochó;2907707
2907806;CICERO DANTAS;Cícero Dantas;2907806
2907905;CIPO;Cipó;2907905
2908002;COARACI;Coaraci;2908002
2908101;COCOS;Cocos;2908101
2908200;CONCEICAO DA FEIRA;Conceição da Feira;2908200
2908309;CONCEICAO DO ALMEIDA;Conceição do Almeida;2908309
2908408;CONCEICAO DO COITE;Conceição do Coité;2908408
2908507;CONCEICAO DO JACUIPE;Conceição do Jacuípe;2908507
2908606;CONDE;Conde;2504603
2908705;CONDEUBA;Condeúba;2908705
2908804;CONTENDAS DO SINCORA;Contendas do Sincorá;2908804
2908903;CORACAO DE MARIA;Coração de Maria;2908903
2909000;CORDEIROS;Cordeiros;2909000
2909109;CORIBE;Coribe;2909109
2909208;CORONEL JOAO SA;Coronel João Sá;2909208
2909307;CORRENTINA;Correntina;2909307
2909406;COTEGIPE;Cotegipe;2909406
2909505;CRAVOLANDIA;Cravolândia;2909505
2909604;CRISOPOLIS;Crisópolis;2909604
2909703;CRISTOPOLIS;Cristópolis;2909703
2909802;CRUZ DAS ALMAS;Cruz das Almas;2909802
2909901;CURACA;Curaçá;2909901
2910008;DARIO MEIRA;Dário Meira;2910008
2910057;DIAS D'AVILA;Dias d'Ávila;2910057
2910107;DOM BASILIO;Dom Basílio;2910107
2910206;DOM MACEDO COSTA;Dom Macedo Costa;2910206
2910305;ELISIO MEDRADO;Elísio Medrado;2910305
2910404;ENCRUZILHADA;Encruzilhada;2910404
2910503;ENTRE RIOS;Entre Rios;4205175
2910602;ESPLANADA;Esplanada;2910602
2910701;EUCLIDES DA CUNHA;Euclides da Cunha;2910701
2910727;EUNAPOLIS;Eunápolis;2910727
2910750;FATIMA;Fátima;1707553
2910776;FEIRA DA MATA;Feira da Mata;2910776
2910800;FEIRA DE SANTANA;Feira de Santana;2910800
2910859;FILADELFIA;Filadélfia;1707702
2910909;FIRMINO ALVES;Firmino Alves;2910909
2911006;FLORESTA AZUL;Floresta Azul;2911006
2911105;FORMOSA DO RIO PRETO;Formosa do Rio Preto;2911105
2911204;GANDU;Gandu;2911204
2911253;GAVIAO;Gavião;2911253
2911303;GENTIO DO OURO;Gentio do Ouro;2911303
2911402;GLORIA;Glória;2911402
2911501;GONGOGI;Gongogi;2911501
2911600;GOVERNADOR MANGABEIRA;Governador Mangabeira;2911600
2911659;GUAJERU;Guajeru;2911659
2911709;GUANAMBI;Guanambi;2911709
2911808;GUARATINGA;Guaratinga;2911808
2911857;HELIOPOLIS;Heliópolis;2911857
2911907;IACU;Iaçu;2911907
2912004;IBIASSUCE;Ibiassucê;2912004
2912103;IBICARAI;Ibicaraí;2912103
2912202;IBICOARA;Ibicoara;2912202
2912301;IBICUI;Ibicuí;2912301
2912400;IBIPEBA;Ibipeba;2912400
2912509;IBIPITANGA;Ibipitanga;2912509
2912608;IBIQUERA;Ibiquera;2912608
2912707;IBIRAPITANGA;Ibirapitanga;2912707
2912806;IBIRAPUA;Ibirapuã;2912806
2912905;IBIRATAIA;Ibirataia;2912905
2913002;IBITIARA;Ibitiara;2913002
2913101;IBITITA;Ibititá;2913101
2913200;IBOTIRAMA;Ibotirama;2913200
2913309;ICHU;Ichu;2913309
2913408;IGAPORA;Igaporã;2913408
2913457;IGRAPIUNA;Igrapiúna;2913457
2913507;IGUAI;Iguaí;2913507
2913606;ILHEUS;Ilhéus;2913606
2913705;INHAMBUPE;Inhambupe;2913705
2913804;IPECAETA;Ipecaetá;2913804
2913903;IPIAU;Ipiaú;2913903
2914000;IPIRA;Ipirá;2914000
2914109;IPUPIARA;Ipupiara;2914109
2914208;IRAJUBA;Irajuba;2914208
2914307;IRAMAIA;Iramaia;2914307
2914406;IRAQUARA;Iraquara;2914406
2914505;IRARA;Irará;2914505
2914604;IRECE;Irecê;2914604
2914653;ITABELA;Itabela;2914653
2914703;ITABERABA;Itaberaba;2914703
2914802;ITABUNA;Itabuna;2914802
2914901;ITACARE;Itacaré;2914901
2915007;ITAETE;Itaeté;2915007
2915106;ITAGI;Itagi;2915106
2915205;ITAGIBA;Itagibá;2915205
2915304;ITAGIMIRIM;Itagimirim;2915304
2915353;ITAGUACU DA BAHIA;Itaguaçu da Bahia;2915353
2915403;ITAJU DO COLONIA;Itaju do Colônia;2915403
2915502;ITAJUIPE;Itajuípe;2915502
2915601;ITAMARAJU;Itamaraju;2915601
2915700;ITAMARI;Itamari;2915700
2915809;ITAMBE;Itambé;2607653
2915908;ITANAGRA;Itanagra;2915908
2916005;ITANHEM;Itanhém;2916005
2916104;ITAPARICA;Itaparica;2916104
2916203;ITAPE;Itapé;2916203
2916302;ITAPEBI;Itapebi;2916302
2916401;ITAPETINGA;Itapetinga;2916401
2916500;ITAPICURU;Itapicuru;2916500
2916609;ITAPITANGA;Itapitanga;2916609
2916708;ITAQUARA;Itaquara;2916708
2916807;ITARANTIM;Itarantim;2916807
2916856;ITATIM;Itatim;2916856
2916906;ITIRUCU;Itiruçu;2916906
2917003;ITIUBA;Itiúba;2917003
2917102;ITORORO;Itororó;2917102
2917201;ITUACU;Ituaçu;2917201
2917300;ITUBERA;Ituberá;2917300
2917334;IUIU;Iuiú;2917334
2917359;JABORANDI;Jaborandi;2917359
2917409;JACARACI;Jacaraci;2917409
2917508;JACOBINA;Jacobina;2917508
2917607;JAGUAQUARA;Jaguaquara;2917607
2917706;JAGUARARI;Jaguarari;2917706
2917805;JAGUARIPE;Jaguaripe;2917805
2917904;JANDAIRA;Jandaíra;2405108
2918001;JEQUIE;Jequié;2918001
2918100;JEREMOABO;Jeremoabo;2918100
2918209;JIQUIRICA;Jiquiriçá;2918209
2918308;JITAUNA;Jitaúna;2918308
2918357;JOAO DOURADO;João Dourado;2918357
2918407;JUAZEIRO;Juazeiro;2918407
2918456;JUCURUCU;Jucuruçu;2918456
2918506;JUSSARA;Jussara;5212204
2918555;JUSSARI;Jussari;2918555
2918605;JUSSIAPE;Jussiape;2918605
2918704;LAFAIETE COUTINHO;Lafaiete Coutinho;2918704
2918753;LAGOA REAL;Lagoa Real;2918753
2918803;LAJE;Laje;2918803
2918902;LAJEDAO;Lajedão;2918902
2919009;LAJEDINHO;Lajedinho;2919009
2919058;LAJEDO DO TABOCAL;Lajedo do Tabocal;2919058
2919108;LAMARAO;Lamarão;2919108
2919157;LAPAO;Lapão;2919157
2919207;LAURO DE FREITAS;Lauro de Freitas;2919207
2919306;LENCOIS;Lençóis;2919306
2919405;LICINIO DE ALMEIDA;Licínio de Almeida;2919405
2919504;LIVRAMENTO DE NOSSA SENHORA;Livramento de Nossa Senhora;2919504
2919553;LUIS EDUARDO MAGALHAES;Luís Eduardo Magalhães;2919553
2919603;MACAJUBA;Macajuba;2919603
2919702;MACARANI;Macarani;2919702
2919801;MACAUBAS;Macaúbas;2919801
2919900;MACURURE;Macururé;2919900
2919926;MADRE DE DEUS;Madre de Deus;2919926
2919959;MAETINGA;Maetinga;2919959
2920007;MAIQUINIQUE;Maiquinique;2920007
2920106;MAIRI;Mairi;2920106
2920205;MALHADA;Malhada;2920205
2920304;MALHADA DE PEDRAS;Malhada de Pedras;2920304
2920403;MANOEL VITORINO;Manoel Vitorino;2920403
2920452;MANSIDAO;Mansidão;2920452
2920502;MARACAS;Maracás;2920502
2920601;MARAGOGIPE;Maragogipe;2920601
2920700;MARAU;Maraú;2920700
2920809;MARCIONILIO SOUZA;Marcionílio Souza;2920809
2920908;MASCOTE;Mascote;2920908
2921005;MATA DE SAO JOAO;Mata de São João;2921005
2921054;MATINA;Matina;2921054
2921104;MEDEIROS NETO;Medeiros Neto;2921104
2921203;MIGUEL CALMON;Miguel Calmon;2921203
2921302;MILAGRES;Milagres;2308302
2921401;MIRANGABA;Mirangaba;2921401
2921450;MIRANTE;Mirante;2921450
2921500;MONTE SANTO;Monte Santo;2921500
2921609;MORPARA;Morpará;2921609
2921708;MORRO DO CHAPEU;Morro do Chapéu;2921708
2921807;MORTUGABA;Mortugaba;2921807
2921906;MUCUGE;Mucugê;2921906
2922003;MUCURI;Mucuri;2922003
2922052;MULUNGU DO MORRO;Mulungu do Morro;2922052
2922102;MUNDO NOVO;Mundo Novo;5005681
2922201;MUNIZ FERREIRA;Muniz Ferreira;2922201
2922250;MUQUEM DE SAO FRANCISCO;Muquém de São Francisco;2922250
3437404;PEREIRA BARRETO;Pereira Barreto;3537404
3437503;PEREIRAS;Pereiras;3537503
3437602;PERUIBE;Peruíbe;3537602
3437701;PIACATU;Piacatu;3537701
3437800;PIEDADE;Piedade;3537800
3437909;PILAR DO SUL;Pilar do Sul;3537909
3438006;PINDAMONHANGABA;Pindamonhangaba;3538006
3438105;PINDORAMA;Pindorama;3538105
3438204;PINHALZINHO;Pinhalzinho;4212908
3438303;PIQUEROBI;Piquerobi;3538303
3438501;PIQUETE;Piquete;3538501
3438600;PIRACAIA;Piracaia;3538600
3438709;PIRACICABA;Piracicaba;3538709
3438808;PIRAJU;Piraju;3538808
3438907;PIRAJUI;Pirajuí;3538907
3439004;PIRANGI;Pirangi;3539004
3439103;PIRAPORA DO BOM JESUS;Pirapora do Bom Jesus;3539103
3439202;PIRAPOZINHO;Pirapozinho;3539202
3439301;PIRASSUNUNGA;Pirassununga;3539301
3439400;PIRATININGA;Piratininga;3539400
3439509;PITANGUEIRAS;Pitangueiras;4119657
3439608;PLANALTO;Planalto;4119806
3439707;PLATINA;Platina;3539707
3439806;POA;Poá;3539806
3439905;POLONI;Poloni;3539905
3440002;POMPEIA;Pompéia;3540002
3440101;PONGAI;Pongaí;3540101
3440200;PONTAL;Pontal;3540200
3440259;PONTALINDA;Pontalinda;3540259
3440309;PONTES GESTAL;Pontes Gestal;3540309
3440408;POPULINA;Populina;3540408
3440507;PORANGABA;Porangaba;3540507
3440606;PORTO FELIZ;Porto Feliz;3540606
3440705;PORTO FERREIRA;Porto Ferreira;3540705
3440754;POTIM;Potim;3540754
3440804;POTIRENDABA;Potirendaba;3540804
3440853;PRACINHA;Pracinha;3540853
3440903;PRADOPOLIS;Pradópolis;3540903
3441000;PRAIA GRANDE;Praia Grande;4213807
3441059;PRATANIA;Pratânia;3541059
3441109;PRESIDENTE ALVES;Presidente Alves;3541109
3441208;PRESIDENTE BERNARDES;Presidente Bernardes;3541208
3441307;PRESIDENTE EPITACIO;Presidente Epitácio;3541307
3441406;PRESIDENTE PRUDENTE;Presidente Prudente;3541406
3441505;PRESIDENTE VENCESLAU;Presidente Venceslau;3541505
3441604;PROMISSAO;Promissão;3541604
3441653;QUADRA;Quadra;3541653
3441703;QUATA;Quatá;3541703
3441802;QUEIROZ;Queiroz;3541802
3441901;QUELUZ;Queluz;3541901
3442008;QUINTANA;Quintana;3542008
3442107;RAFARD;Rafard;3542107
3442206;RANCHARIA;Rancharia;3542206
3442305;REDENCAO DA SERRA;Redenção da Serra;3542305
3442404;REGENTE FEIJO;Regente Feijó;3542404
3442503;REGINOPOLIS;Reginópolis;3542503
1501758;BREJO GRANDE DO ARAGUAIA;Brejo Grande do Araguaia;1501758
1501782;BREU BRANCO;Breu Branco;1501782
1501808;BREVES;Breves;1501808
1501907;BUJARU;Bujaru;1501907
1501956;CACHOEIRA DO PIRIA;Cachoeira do Piriá;1501956
1502004;CACHOEIRA DO ARARI;Cachoeira do Arari;1502004
1502103;CAMETA;Cametá;1502103
1502152;CANAA DOS CARAJAS;Canaã dos Carajás;1502152
1502202;CAPANEMA;Capanema;1502202
1502301;CAPITAO POCO;Capitão Poço;1502301
1502400;CASTANHAL;Castanhal;1502400
1502509;CHAVES;Chaves;1502509
1502608;COLARES;Colares;1502608
1502707;CONCEICAO DO ARAGUAIA;Conceição do Araguaia;1502707
1502756;CONCORDIA DO PARA;Concórdia do Pará;1502756
1502764;CUMARU DO NORTE;Cumaru do Norte;1502764
1502772;CURIONOPOLIS;Curionópolis;1502772
1502806;CURRALINHO;Curralinho;1502806
1502855;CURUA;Curuá;1502855
1502905;CURUCA;Curuçá;1502905
1502939;DOM ELISEU;Dom Eliseu;1502939
1502954;ELDORADO DOS CARAJAS;Eldorado dos Carajás;1502954
1503002;FARO;Faro;1503002
1503044;FLORESTA DO ARAGUAIA;Floresta do Araguaia;1503044
1503077;GARRAFAO DO NORTE;Garrafão do Norte;1503077
1503093;GOIANESIA DO PARA;Goianésia do Pará;1503093
1503101;GURUPA;Gurupá;1503101
1503200;IGARAPE-ACU;Igarapé-Açu;1503200
1503309;IGARAPE-MIRI;Igarapé-Miri;1503309
1503408;INHANGAPI;Inhangapi;1503408
1503457;IPIXUNA DO PARA;Ipixuna do Pará;1503457
1503507;IRITUIA;Irituia;1503507
1503606;ITAITUBA;Itaituba;1503606
1503705;ITUPIRANGA;Itupiranga;1503705
1503754;JACAREACANGA;Jacareacanga;1503754
1503804;JACUNDA;Jacundá;1503804
1503903;JURUTI;Juruti;1503903
1504000;LIMOEIRO DO AJURU;Limoeiro do Ajuru;1504000
1504059;MAE DO RIO;Mãe do Rio;1504059
1504109;MAGALHAES BARATA;Magalhães Barata;1504109
1504208;MARABA;Marabá;1504208
1504307;MARACANA;Maracanã;1504307
1504406;MARAPANIM;Marapanim;1504406
1504422;MARITUBA;Marituba;1504422
1504455;MEDICILANDIA;Medicilândia;1504455
1504505;MELGACO;Melgaço;1504505
1504604;MOCAJUBA;Mocajuba;1504604
1504703;MOJU;Moju;1504703
1504802;MONTE ALEGRE;Monte Alegre;1504802
1504901;MUANA;Muaná;1504901
1504950;NOVA ESPERANCA DO PIRIA;Nova Esperança do Piriá;1504950
1504976;NOVA IPIXUNA;Nova Ipixuna;1504976
1505007;NOVA TIMBOTEUA;Nova Timboteua;1505007
1505031;NOVO PROGRESSO;Novo Progresso;1505031
1505064;NOVO REPARTIMENTO;Novo Repartimento;1505064
1505106;OBIDOS;Óbidos;1505106
1505205;OEIRAS DO PARA;Oeiras do Pará;1505205
1505304;ORIXIMINA;Oriximiná;1505304
1505403;OUREM;Ourém;1505403
1505437;OURILANDIA DO NORTE;Ourilândia do Norte;1505437
1505486;PACAJA;Pacajá;1505486
1505494;PALESTINA DO PARA;Palestina do Pará;1505494
1505502;PARAGOMINAS;Paragominas;1505502
1505536;PARAUAPEBAS;Parauapebas;1505536
1505551;PAU D'ARCO;Pau D'Arco;1716307
1505601;PEIXE-BOI;Peixe-Boi;1505601
1505635;PICARRA;Piçarra;1505635
1505650;PLACAS;Placas;1505650
1505700;PONTA DE PEDRAS;Ponta de Pedras;1505700
1505809;PORTEL;Portel;1505809
1505908;PORTO DE MOZ;Porto de Moz;1505908
1506005;PRAINHA;Prainha;1506005
1506104;PRIMAVERA;Primavera;1506104
1506112;QUATIPURU;Quatipuru;1506112
1506138;REDENCAO;Redenção;1506138
1506161;RIO MARIA;Rio Maria;1506161
1506187;RONDON DO PARA;Rondon do Pará;1506187
1506195;RUROPOLIS;Rurópolis;1506195
1506203;SALINOPOLIS;Salinópolis;1506203
1506302;SALVATERRA;Salvaterra;1506302
1506351;SANTA BARBARA DO PARA;Santa Bárbara do Pará;1506351
1506401;SANTA CRUZ DO ARARI;Santa Cruz do Arari;1506401
1506500;SANTA ISABEL DO PARA;Santa Isabel do Pará;1506500
1506559;SANTA LUZIA DO PARA;Santa Luzia do Pará;1506559
1506583;SANTA MARIA DAS BARREIRAS;Santa Maria das Barreiras;1506583
1506609;SANTA MARIA DO PARA;Santa Maria do Pará;1506609
1506708;SANTANA DO ARAGUAIA;Santana do Araguaia;1506708
2108702;PIO XII;Pio XII;2108702
2108801;PIRAPEMAS;Pirapemas;2108801
2108900;POCAO DE PEDRAS;Poção de Pedras;2108900
2109007;PORTO FRANCO;Porto Franco;2109007
2109056;PORTO RICO DO MARANHAO;Porto Rico do Maranhão;2109056
2109106;PRESIDENTE DUTRA;Presidente Dutra;2109106
2109205;PRESIDENTE JUSCELINO;Presidente Juscelino;2410306
2109239;PRESIDENTE MEDICI;Presidente Médici;1100254
2109270;PRESIDENTE SARNEY;Presidente Sarney;2109270
2109304;PRESIDENTE VARGAS;Presidente Vargas;2109304
2109403;PRIMEIRA CRUZ;Primeira Cruz;2109403
2109452;RAPOSA;Raposa;2109452
2109502;RIACHAO;Riachão;2109502
2109551;RIBAMAR FIQUENE;Ribamar Fiquene;2109551
2109601;ROSARIO;Rosário;2109601
2109700;SAMBAIBA;Sambaíba;2109700
2109759;SANTA FILOMENA DO MARANHAO;Santa Filomena do Maranhão;2109759
2109809;SANTA HELENA;Santa Helena;2109809
2109908;SANTA INES;Santa Inês;2109908
2110005;SANTA LUZIA;Santa Luzia;2110005
2110039;SANTA LUZIA DO PARUA;Santa Luzia do Paruá;2110039
2110104;SANTA QUITERIA DO MARANHAO;Santa Quitéria do Maranhão;2110104
2110203;SANTA RITA;Santa Rita;2110203
2110237;SANTANA DO MARANHAO;Santana do Maranhão;2110237
2110278;SANTO AMARO DO MARANHAO;Santo Amaro do Maranhão;2110278
2110302;SANTO ANTONIO DOS LOPES;Santo Antônio dos Lopes;2110302
2110401;SAO BENEDITO DO RIO PRETO;São Benedito do Rio Preto;2110401
2110500;SAO BENTO;São Bento;2110500
2110609;SAO BERNARDO;São Bernardo;2110609
2110658;SAO DOMINGOS DO AZEITAO;São Domingos do Azeitão;2110658
2110708;SAO DOMINGOS DO MARANHAO;São Domingos do Maranhão;2110708
2110807;SAO FELIX DE BALSAS;São Félix de Balsas;2110807
2110856;SAO FRANCISCO DO BREJAO;São Francisco do Brejão;2110856
2110906;SAO FRANCISCO DO MARANHAO;São Francisco do Maranhão;2110906
2111003;SAO JOAO BATISTA;São João Batista;2111003
2111029;SAO JOAO DO CARU;São João do Carú;2111029
2111052;SAO JOAO DO PARAISO;São João do Paraíso;2111052
2111078;SAO JOAO DO SOTER;São João do Soter;2111078
2111102;SAO JOAO DOS PATOS;São João dos Patos;2111102
2111201;SAO JOSE DE RIBAMAR;São José de Ribamar;2111201
2111250;SAO JOSE DOS BASILIOS;São José dos Basílios;2111250
2111300;SAO LUIS;São Luís;2111300
2111409;SAO LUIS GONZAGA DO MARANHAO;São Luís Gonzaga do Maranhão;2111409
2111508;SAO MATEUS DO MARANHAO;São Mateus do Maranhão;2111508
2111532;SAO PEDRO DA AGUA BRANCA;São Pedro da Água Branca;2111532
2111573;SAO PEDRO DOS CRENTES;São Pedro dos Crentes;2111573
2111607;SAO RAIMUNDO DAS MANGABEIRAS;São Raimundo das Mangabeiras;2111607
2111631;SAO RAIMUNDO DO DOCA BEZERRA;São Raimundo do Doca Bezerra;2111631
2111672;SAO ROBERTO;São Roberto;2111672
2111706;SAO VICENTE FERRER;São Vicente Ferrer;2613800
2111722;SATUBINHA;Satubinha;2111722
2111748;SENADOR ALEXANDRE COSTA;Senador Alexandre Costa;2111748
2111763;SENADOR LA ROCQUE;Senador La Rocque;2111763
2111789;SERRANO DO MARANHAO;Serrano do Maranhão;2111789
2111805;SITIO NOVO;Sítio Novo;2413706
2111904;SUCUPIRA DO NORTE;Sucupira do Norte;2111904
2111953;SUCUPIRA DO RIACHAO;Sucupira do Riachão;2111953
2112001;TASSO FRAGOSO;Tasso Fragoso;2112001
2112100;TIMBIRAS;Timbiras;2112100
2112209;TIMON;Timon;2112209
2112233;TRIZIDELA DO VALE;Trizidela do Vale;2112233
2112274;TUFILANDIA;Tufilândia;2112274
2112308;TUNTUM;Tuntum;2112308
2112407;TURIACU;Turiaçu;2112407
2112456;TURILANDIA;Turilândia;2112456
2112506;TUTOIA;Tutóia;2112506
2112605;URBANO SANTOS;Urbano Santos;2112605
2112704;VARGEM GRANDE;Vargem Grande;2112704
2112803;VIANA;Viana;3205101
2112852;VILA NOVA DOS MARTIRIOS;Vila Nova dos Martírios;2112852
2112902;VITORIA DO MEARIM;Vitória do Mearim;2112902
2113009;VITORINO FREIRE;Vitorino Freire;2113009
2114007;ZE DOCA;Zé Doca;2114007
3118700;COQUEIRAL;Coqueiral;3118700
3118809;CORACAO DE JESUS;Coração de Jesus;3118809
3118908;CORDISBURGO;Cordisburgo;3118908
3119005;CORDISLANDIA;Cordislândia;3119005
3119104;CORINTO;Corinto;3119104
3119203;COROACI;Coroaci;3119203
3119302;COROMANDEL;Coromandel;3119302
2708006;SANTANA DO IPANEMA;Santana do Ipanema;2708006
2708105;SANTANA DO MUNDAU;Santana do Mundaú;2708105
2708204;SAO BRAS;São Brás;2708204
2708303;SAO JOSE DA LAJE;São José da Laje;2708303
2708402;SAO JOSE DA TAPERA;São José da Tapera;2708402
2708501;SAO LUIS DO QUITUNDE;São Luís do Quitunde;2708501
2708600;SAO MIGUEL DOS CAMPOS;São Miguel dos Campos;2708600
2708709;SAO MIGUEL DOS MILAGRES;São Miguel dos Milagres;2708709
2708808;SAO SEBASTIAO;São Sebastião;2708808
2708907;SATUBA;Satuba;2708907
2708956;SENADOR RUI PALMEIRA;Senador Rui Palmeira;2708956
2709004;TANQUE D'ARCA;Tanque d'Arca;2709004
2709103;TAQUARANA;Taquarana;2709103
2709152;TEOTONIO VILELA;Teotônio Vilela;2709152
2709202;TRAIPU;Traipu;2709202
2709301;UNIAO DOS PALMARES;União dos Palmares;2709301
2709400;VICOSA;Viçosa;2709400
2800100;AMPARO DE SAO FRANCISCO;Amparo de São Francisco;2800100
2800209;AQUIDABA;Aquidabã;2800209
2800308;ARACAJU;Aracaju;2800308
2800407;ARAUA;Arauá;2800407
2800506;AREIA BRANCA;Areia Branca;2800506
2800605;BARRA DOS COQUEIROS;Barra dos Coqueiros;2800605
2800670;BOQUIM;Boquim;2800670
2800704;BREJO GRANDE;Brejo Grande;2800704
2801009;CAMPO DO BRITO;Campo do Brito;2801009
2801108;CANHOBA;Canhoba;2801108
2801207;CANINDE DE SAO FRANCISCO;Canindé de São Francisco;2801207
2801306;CAPELA;Capela;2801306
2801405;CARIRA;Carira;2801405
2801504;CARMOPOLIS;Carmópolis;2801504
2801603;CEDRO DE SAO JOAO;Cedro de São João;2801603
2801702;CRISTINAPOLIS;Cristinápolis;2801702
2801900;CUMBE;Cumbe;2801900
2802007;DIVINA PASTORA;Divina Pastora;2802007
2802106;ESTANCIA;Estância;2802106
2802205;FEIRA NOVA;Feira Nova;2802205
2802304;FREI PAULO;Frei Paulo;2802304
2802403;GARARU;Gararu;2802403
2802502;GENERAL MAYNARD;General Maynard;2802502
2802601;GRACHO CARDOSO;Gracho Cardoso;2802601
2802700;ILHA DAS FLORES;Ilha das Flores;2802700
2802809;INDIAROBA;Indiaroba;2802809
2802908;ITABAIANA;Itabaiana;2802908
2803005;ITABAIANINHA;Itabaianinha;2803005
2803104;ITABI;Itabi;2803104
2803203;ITAPORANGA D'AJUDA;Itaporanga d'Ajuda;2803203
2803302;JAPARATUBA;Japaratuba;2803302
2803401;JAPOATA;Japoatã;2803401
2803500;LAGARTO;Lagarto;2803500
2803609;LARANJEIRAS;Laranjeiras;2803609
2803708;MACAMBIRA;Macambira;2803708
2803807;MALHADA DOS BOIS;Malhada dos Bois;2803807
2803906;MALHADOR;Malhador;2803906
2804003;MARUIM;Maruim;2804003
2804102;MOITA BONITA;Moita Bonita;2804102
2804201;MONTE ALEGRE DE SERGIPE;Monte Alegre de Sergipe;2804201
2804300;MURIBECA;Muribeca;2804300
2804409;NEOPOLIS;Neópolis;2804409
2804458;NOSSA SENHORA APARECIDA;Nossa Senhora Aparecida;2804458
2804508;NOSSA SENHORA DA GLORIA;Nossa Senhora da Glória;2804508
2804607;NOSSA SENHORA DAS DORES;Nossa Senhora das Dores;2804607
2804706;NOSSA SENHORA DE LOURDES;Nossa Senhora de Lourdes;2804706
2804805;NOSSA SENHORA DO SOCORRO;Nossa Senhora do Socorro;2804805
2804904;PACATUBA;Pacatuba;2804904
2805000;PEDRA MOLE;Pedra Mole;2805000
2805109;PEDRINHAS;Pedrinhas;2805109
2805208;PINHAO;Pinhão;2805208
2805307;PIRAMBU;Pirambu;2805307
2805406;POCO REDONDO;Poço Redondo;2805406
2805505;POCO VERDE;Poço Verde;2805505
2805604;PORTO DA FOLHA;Porto da Folha;2805604
2805703;PROPRIA;Propriá;2805703
2805802;RIACHAO DO DANTAS;Riachão do Dantas;2805802
2805901;RIACHUELO;Riachuelo;2805901
2806008;RIBEIROPOLIS;Ribeirópolis;2806008
2806107;ROSARIO DO CATETE;Rosário do Catete;2806107
2806206;SALGADO;Salgado;2806206
2806305;SANTA LUZIA DO ITANHY;Santa Luzia do Itanhy;2806305
2806404;SANTANA DO SAO FRANCISCO;Santana do São Francisco;2806404
2806503;SANTA ROSA DE LIMA;Santa Rosa de Lima;2806503
2806602;SANTO AMARO DAS BROTAS;Santo Amaro das Brotas;2806602
2806701;SAO CRISTOVAO;São Cristóvão;2806701
2806800;SAO DOMINGOS;São Domingos;2806800
2806909;SAO FRANCISCO;São Francisco;2806909
2807006;SAO MIGUEL DO ALEIXO;São Miguel do Aleixo;2807006
2807105;SIMAO DIAS;Simão Dias;2807105
2807204;SIRIRI;Siriri;2807204
2807303;TELHA;Telha;2807303
2807402;TOBIAS BARRETO;Tobias Barreto;2807402
2807501;TOMAR DO GERU;Tomar do Geru;2807501
2807600;UMBAUBA;Umbaúba;2807600
2900108;ABAIRA;Abaíra;2900108
2900207;ABARE;Abaré;2900207
2900306;ACAJUTIBA;Acajutiba;2900306
2900355;ADUSTINA;Adustina;2900355
2900405;AGUA FRIA;Água Fria;2900405
2900504;ERICO CARDOSO;Érico Cardoso;2900504
2900603;AIQUARA;Aiquara;2900603
2900702;ALAGOINHAS;Alagoinhas;2900702
2900801;ALCOBACA;Alcobaça;2900801
2900900;ALMADINA;Almadina;2900900
2901007;AMARGOSA;Amargosa;2901007
2901106;AMELIA RODRIGUES;Amélia Rodrigues;2901106
2901155;AMERICA DOURADA;América Dourada;2901155
2901205;ANAGE;Anagé;2901205
2901304;ANDARAI;Andaraí;2901304
2901353;ANDORINHA;Andorinha;2901353
2901403;ANGICAL;Angical;2901403
2901502;ANGUERA;Anguera;2901502
2901601;ANTAS;Antas;2901601
2901700;ANTONIO CARDOSO;Antônio Cardoso;2901700
2901809;ANTONIO GONCALVES;Antônio Gonçalves;2901809
2901908;APORA;Aporá;2901908
2901957;APUAREMA;Apuarema;2901957
2902005;ARACATU;Aracatu;2902005
2902054;ARACAS;Araças;2902054
2902104;ARACI;Araci;2902104
2902203;ARAMARI;Aramari;2902203
2902252;ARATACA;Arataca;2902252
2902302;ARATUIPE;Aratuípe;2902302
2902401;AURELINO LEAL;Aurelino Leal;2902401
2902500;BAIANOPOLIS;Baianópolis;2902500
2902609;BAIXA GRANDE;Baixa Grande;2902609
2902658;BANZAE;Banzaê;2902658
2902708;BARRA;Barra;2902708
2902807;BARRA DA ESTIVA;Barra da Estiva;2902807
2902906;BARRA DO CHOCA;Barra do Choça;2902906
2903003;BARRA DO MENDES;Barra do Mendes;2903003
2903102;BARRA DO ROCHA;Barra do Rocha;2903102
2903201;BARREIRAS;Barreiras;2903201
2903235;BARRO ALTO;Barro Alto;5203203
2903276;BARROCAS;Barrocas;2903276
2903300;BARRO PRETO;Barro Preto;2903300
2903409;BELMONTE;Belmonte;4202156
2903508;BELO CAMPO;Belo Campo;2903508
2903607;BIRITINGA;Biritinga;2903607
2903706;BOA NOVA;Boa Nova;2903706
2903805;BOA VISTA DO TUPIM;Boa Vista do Tupim;2903805
2903904;BOM JESUS DA LAPA;Bom Jesus da Lapa;2903904
2903953;BOM JESUS DA SERRA;Bom Jesus da Serra;2903953
2904001;BONINAL;Boninal;2904001
2904050;BONITO;Bonito;5002209
2904100;BOQUIRA;Boquira;2904100
2904209;BOTUPORA;Botuporã;2904209
2904308;BREJOES;Brejões;2904308
2904407;BREJOLANDIA;Brejolândia;2904407
2904506;BROTAS DE MACAUBAS;Brotas de Macaúbas;2904506
2904605;BRUMADO;Brumado;2904605
2904704;BUERAREMA;Buerarema;2904704
2904753;BURITIRAMA;Buritirama;2904753
2904803;CAATIBA;Caatiba;2904803
2904852;CABACEIRAS DO PARAGUACU;Cabaceiras do Paraguaçu;2904852
2904902;CACHOEIRA;Cachoeira;2904902
2905008;CACULE;Caculé;2905008
2905107;CAEM;Caém;2905107
2905156;CAETANOS;Caetanos;2905156
2905206;CAETITE;Caetité;2905206
2905305;CAFARNAUM;Cafarnaum;2905305
2905404;CAIRU;Cairu;2905404
2905503;CALDEIRAO GRANDE;Caldeirão Grande;2905503
2905602;CAMACAN;Camacan;2905602
2905701;CAMACARI;Camaçari;2905701
2905800;CAMAMU;Camamu;2905800
2905909;CAMPO ALEGRE DE LOURDES;Campo Alegre de Lourdes;2905909
2906006;CAMPO FORMOSO;Campo Formoso;2906006
2906105;CANAPOLIS;Canápolis;2906105
2906204;CANARANA;Canarana;5102702
2906303;CANAVIEIRAS;Canavieiras;2906303
2906402;CANDEAL;Candeal;2906402
2906501;CANDEIAS;Candeias;2906501
3141207;MATUTINA;Matutina;3141207
3141306;MEDEIROS;Medeiros;3141306
3141405;MEDINA;Medina;3141405
3141504;MENDES PIMENTEL;Mendes Pimentel;3141504
3141603;MERCES;Mercês;3141603
3141702;MESQUITA;Mesquita;3302858
3141801;MINAS NOVAS;Minas Novas;3141801
3141900;MINDURI;Minduri;3141900
3142007;MIRABELA;Mirabela;3142007
3142106;MIRADOURO;Miradouro;3142106
3142205;MIRAI;Miraí;3142205
3142254;MIRAVANIA;Miravânia;3142254
3142304;MOEDA;Moeda;3142304
3142403;MOEMA;Moema;3142403
3142502;MONJOLOS;Monjolos;3142502
3142601;MONSENHOR PAULO;Monsenhor Paulo;3142601
3142700;MONTALVANIA;Montalvânia;3142700
3142809;MONTE ALEGRE DE MINAS;Monte Alegre de Minas;3142809
3142908;MONTE AZUL;Monte Azul;3142908
3143005;MONTE BELO;Monte Belo;3143005
3143104;MONTE CARMELO;Monte Carmelo;3143104
3143153;MONTE FORMOSO;Monte Formoso;3143153
3143203;MONTE SANTO DE MINAS;Monte Santo de Minas;3143203
3143302;MONTES CLAROS;Montes Claros;3143302
3143401;MONTE SIAO;Monte Sião;3143401
3143450;MONTEZUMA;Montezuma;3143450
3143500;MORADA NOVA DE MINAS;Morada Nova de Minas;3143500
3143609;MORRO DA GARCA;Morro da Garça;3143609
3143708;MORRO DO PILAR;Morro do Pilar;3143708
3143807;MUNHOZ;Munhoz;3143807
3143906;MURIAE;Muriaé;3143906
3144003;MUTUM;Mutum;3144003
3144102;MUZAMBINHO;Muzambinho;3144102
3144201;NACIP RAYDAN;Nacip Raydan;3144201
3144300;NANUQUE;Nanuque;3144300
3144359;NAQUE;Naque;3144359
3144375;NATALANDIA;Natalândia;3144375
3144409;NATERCIA;Natércia;3144409
3144508;NAZARENO;Nazareno;3144508
3144607;NEPOMUCENO;Nepomuceno;3144607
3144656;NINHEIRA;Ninheira;3144656
3144672;NOVA BELEM;Nova Belém;3144672
3144706;NOVA ERA;Nova Era;3144706
3144805;NOVA LIMA;Nova Lima;3144805
3144904;NOVA MODICA;Nova Módica;3144904
3145000;NOVA PONTE;Nova Ponte;3145000
3145059;NOVA PORTEIRINHA;Nova Porteirinha;3145059
3145109;NOVA RESENDE;Nova Resende;3145109
3145208;NOVA SERRANA;Nova Serrana;3145208
3145307;NOVO CRUZEIRO;Novo Cruzeiro;3145307
3145356;NOVO ORIENTE DE MINAS;Novo Oriente de Minas;3145356
3145372;NOVORIZONTE;Novorizonte;3145372
3145406;OLARIA;Olaria;3145406
3165404;SAPUCAI-MIRIM;Sapucaí-Mirim;3165404
3165503;SARDOA;Sardoá;3165503
3165537;SARZEDO;Sarzedo;3165537
3165552;SETUBINHA;Setubinha;3165552
3165560;SEM-PEIXE;Sem-Peixe;3165560
3165578;SENADOR AMARAL;Senador Amaral;3165578
3165602;SENADOR CORTES;Senador Cortes;3165602
3165701;SENADOR FIRMINO;Senador Firmino;3165701
3165800;SENADOR JOSE BENTO;Senador José Bento;3165800
3165909;SENADOR MODESTINO GONCALVES;Senador Modestino Gonçalves;3165909
3166006;SENHORA DE OLIVEIRA;Senhora de Oliveira;3166006
3166105;SENHORA DO PORTO;Senhora do Porto;3166105
3166204;SENHORA DOS REMEDIOS;Senhora dos Remédios;3166204
3166303;SERICITA;Sericita;3166303
3166402;SERITINGA;Seritinga;3166402
3166501;SERRA AZUL DE MINAS;Serra Azul de Minas;3166501
3166600;SERRA DA SAUDADE;Serra da Saudade;3166600
3166709;SERRA DOS AIMORES;Serra dos Aimorés;3166709
3166808;SERRA DO SALITRE;Serra do Salitre;3166808
3166907;SERRANIA;Serrania;3166907
3166956;SERRANOPOLIS DE MINAS;Serranópolis de Minas;3166956
3167004;SERRANOS;Serranos;3167004
3167103;SERRO;Serro;3167103
3167202;SETE LAGOAS;Sete Lagoas;3167202
3167301;SILVEIRANIA;Silveirânia;3167301
3167400;SILVIANOPOLIS;Silvianópolis;3167400
3167509;SIMAO PEREIRA;Simão Pereira;3167509
3167608;SIMONESIA;Simonésia;3167608
3167707;SOBRALIA;Sobrália;3167707
3167806;SOLEDADE DE MINAS;Soledade de Minas;3167806
3167905;TABULEIRO;Tabuleiro;3167905
3168002;TAIOBEIRAS;Taiobeiras;3168002
3168051;TAPARUBA;Taparuba;3168051
3168101;TAPIRA;Tapira;4126900
3168200;TAPIRAI;Tapiraí;3553500
3168309;TAQUARACU DE MINAS;Taquaraçu de Minas;3168309
3168408;TARUMIRIM;Tarumirim;3168408
3168507;TEIXEIRAS;Teixeiras;3168507
3168606;TEOFILO OTONI;Teófilo Otoni;3168606
3168705;TIMOTEO;Timóteo;3168705
3168804;TIRADENTES;Tiradentes;3168804
3168903;TIROS;Tiros;3168903
3169000;TOCANTINS;Tocantins;3169000
3169059;TOCOS DO MOJI;Tocos do Moji;3169059
3169109;TOLEDO;Toledo;4127700
3169208;TOMBOS;Tombos;3169208
3169307;TRES CORACOES;Três Corações;3169307
3169356;TRES MARIAS;Três Marias;3169356
3119401;CORONEL FABRICIANO;Coronel Fabriciano;3119401
3119500;CORONEL MURTA;Coronel Murta;3119500
3119609;CORONEL PACHECO;Coronel Pacheco;3119609
3119708;CORONEL XAVIER CHAVES;Coronel Xavier Chaves;3119708
3119807;CORREGO DANTA;Córrego Danta;3119807
3119906;CORREGO DO BOM JESUS;Córrego do Bom Jesus;3119906
3119955;CORREGO FUNDO;Córrego Fundo;3119955
3120003;CORREGO NOVO;Córrego Novo;3120003
3120102;COUTO DE MAGALHAES DE MINAS;Couto de Magalhães de Minas;3120102
3120151;CRISOLITA;Crisólita;3120151
3120201;CRISTAIS;Cristais;3120201
3120300;CRISTALIA;Cristália;3120300
3120409;CRISTIANO OTONI;Cristiano Otoni;3120409
3120508;CRISTINA;Cristina;3120508
3120607;CRUCILANDIA;Crucilândia;3120607
3120706;CRUZEIRO DA FORTALEZA;Cruzeiro da Fortaleza;3120706
3120805;CRUZILIA;Cruzília;3120805
3120839;CUPARAQUE;Cuparaque;3120839
3120870;CURRAL DE DENTRO;Curral de Dentro;3120870
3120904;CURVELO;Curvelo;3120904
3121001;DATAS;Datas;3121001
3121100;DELFIM MOREIRA;Delfim Moreira;3121100
3121209;DELFINOPOLIS;Delfinópolis;3121209
3121258;DELTA;Delta;3121258
3121308;DESCOBERTO;Descoberto;3121308
3121407;DESTERRO DE ENTRE RIOS;Desterro de Entre Rios;3121407
3121506;DESTERRO DO MELO;Desterro do Melo;3121506
3121605;DIAMANTINA;Diamantina;3121605
3121704;DIOGO DE VASCONCELOS;Diogo de Vasconcelos;3121704
3121803;DIONISIO;Dionísio;3121803
3121902;DIVINESIA;Divinésia;3121902
3122009;DIVINO;Divino;3122009
3122108;DIVINO DAS LARANJEIRAS;Divino das Laranjeiras;3122108
3122207;DIVINOLANDIA DE MINAS;Divinolândia de Minas;3122207
3122306;DIVINOPOLIS;Divinópolis;3122306
3122355;DIVISA ALEGRE;Divisa Alegre;3122355
3122405;DIVISA NOVA;Divisa Nova;3122405
3122454;DIVISOPOLIS;Divisópolis;3122454
3122470;DOM BOSCO;Dom Bosco;3122470
3122504;DOM CAVATI;Dom Cavati;3122504
3122603;DOM JOAQUIM;Dom Joaquim;3122603
3122702;DOM SILVERIO;Dom Silvério;3122702
3122801;DOM VICOSO;Dom Viçoso;3122801
3122900;DONA EUSEBIA;Dona Eusébia;3122900
3123007;DORES DE CAMPOS;Dores de Campos;3123007
3123106;DORES DE GUANHAES;Dores de Guanhães;3123106
3123205;DORES DO INDAIA;Dores do Indaiá;3123205
3123304;DORES DO TURVO;Dores do Turvo;3123304
3123403;DORESOPOLIS;Doresópolis;3123403
3123502;DOURADOQUARA;Douradoquara;3123502
3123528;DURANDE;Durandé;3123528
3123601;ELOI MENDES;Elói Mendes;3123601
3123700;ENGENHEIRO CALDAS;Engenheiro Caldas;3123700
3123809;ENGENHEIRO NAVARRO;Engenheiro Navarro;3123809
3123858;ENTRE FOLHAS;Entre Folhas;3123858
3123908;ENTRE RIOS DE MINAS;Entre Rios de Minas;3123908
3124005;ERVALIA;Ervália;3124005
3124104;ESMERALDAS;Esmeraldas;3124104
3124203;ESPERA FELIZ;Espera Feliz;3124203
3124302;ESPINOSA;Espinosa;3124302
3124401;ESPIRITO SANTO DO DOURADO;Espírito Santo do Dourado;3124401
3124500;ESTIVA;Estiva;3124500
3124609;ESTRELA DALVA;Estrela Dalva;3124609
3124708;ESTRELA DO INDAIA;Estrela do Indaiá;3124708
3124807;ESTRELA DO SUL;Estrela do Sul;3124807
3124906;EUGENOPOLIS;Eugenópolis;3124906
3125002;EWBANK DA CAMARA;Ewbank da Câmara;3125002
3125101;EXTREMA;Extrema;3125101
3125200;FAMA;Fama;3125200
3125309;FARIA LEMOS;Faria Lemos;3125309
3125408;FELICIO DOS SANTOS;Felício dos Santos;3125408
3125507;SAO GONCALO DO RIO PRETO;São Gonçalo do Rio Preto;3125507
3156809;SABINOPOLIS;Sabinópolis;3156809
3156908;SACRAMENTO;Sacramento;3156908
3157005;SALINAS;Salinas;3157005
3157104;SALTO DA DIVISA;Salto da Divisa;3157104
3157203;SANTA BARBARA;Santa Bárbara;2927507
3157252;SANTA BARBARA DO LESTE;Santa Bárbara do Leste;3157252
3157278;SANTA BARBARA DO MONTE VERDE;Santa Bárbara do Monte Verde;3157278
3157302;SANTA BARBARA DO TUGURIO;Santa Bárbara do Tugúrio;3157302
3157336;SANTA CRUZ DE MINAS;Santa Cruz de Minas;3157336
3157377;SANTA CRUZ DE SALINAS;Santa Cruz de Salinas;3157377
3157401;SANTA CRUZ DO ESCALVADO;Santa Cruz do Escalvado;3157401
3157500;SANTA EFIGENIA DE MINAS;Santa Efigênia de Minas;3157500
3157609;SANTA FE DE MINAS;Santa Fé de Minas;3157609
3157658;SANTA HELENA DE MINAS;Santa Helena de Minas;3157658
3157708;SANTA JULIANA;Santa Juliana;3157708
3157807;SANTA LUZIA;Santa Luzia;2110005
3157906;SANTA MARGARIDA;Santa Margarida;3157906
3158003;SANTA MARIA DE ITABIRA;Santa Maria de Itabira;3158003
3158102;SANTA MARIA DO SALTO;Santa Maria do Salto;3158102
3158201;SANTA MARIA DO SUACUI;Santa Maria do Suaçuí;3158201
3158300;SANTANA DA VARGEM;Santana da Vargem;3158300
3158409;SANTANA DE CATAGUASES;Santana de Cataguases;3158409
3158508;SANTANA DE PIRAPAMA;Santana de Pirapama;3158508
3158607;SANTANA DO DESERTO;Santana do Deserto;3158607
3158706;SANTANA DO GARAMBEU;Santana do Garambéu;3158706
3158805;SANTANA DO JACARE;Santana do Jacaré;3158805
3158904;SANTANA DO MANHUACU;Santana do Manhuaçu;3158904
3158953;SANTANA DO PARAISO;Santana do Paraíso;3158953
3159001;SANTANA DO RIACHO;Santana do Riacho;3159001
3159100;SANTANA DOS MONTES;Santana dos Montes;3159100
3159209;SANTA RITA DE CALDAS;Santa Rita de Caldas;3159209
3159308;SANTA RITA DE JACUTINGA;Santa Rita de Jacutinga;3159308
3159357;SANTA RITA DE MINAS;Santa Rita de Minas;3159357
3159407;SANTA RITA DE IBITIPOCA;Santa Rita de Ibitipoca;3159407
3159506;SANTA RITA DO ITUETO;Santa Rita do Itueto;3159506
3159605;SANTA RITA DO SAPUCAI;Santa Rita do Sapucaí;3159605
3159704;SANTA ROSA DA SERRA;Santa Rosa da Serra;3159704
3159803;SANTA VITORIA;Santa Vitória;3159803
3159902;SANTO ANTONIO DO AMPARO;Santo Antônio do Amparo;3159902
3160009;SANTO ANTONIO DO AVENTUREIRO;Santo Antônio do Aventureiro;3160009
3160108;SANTO ANTONIO DO GRAMA;Santo Antônio do Grama;3160108
3160207;SANTO ANTONIO DO ITAMBE;Santo Antônio do Itambé;3160207
3160306;SANTO ANTONIO DO JACINTO;Santo Antônio do Jacinto;3160306
3160405;SANTO ANTONIO DO MONTE;Santo Antônio do Monte;3160405
3160454;SANTO ANTONIO DO RETIRO;Santo Antônio do Retiro;3160454
3160504;SANTO ANTONIO DO RIO ABAIXO;Santo Antônio do Rio Abaixo;3160504
3160603;SANTO HIPOLITO;Santo Hipólito;3160603
3160702;SANTOS DUMONT;Santos Dumont;3160702
3160801;SAO BENTO ABADE;São Bento Abade;3160801
3160900;SAO BRAS DO SUACUI;São Brás do Suaçuí;3160900
3160959;SAO DOMINGOS DAS DORES;São Domingos das Dores;3160959
3161007;SAO DOMINGOS DO PRATA;São Domingos do Prata;3161007
3161056;SAO FELIX DE MINAS;São Félix de Minas;3161056
3161106;SAO FRANCISCO;São Francisco;2806909
3161205;SAO FRANCISCO DE PAULA;São Francisco de Paula;4318200
3161304;SAO FRANCISCO DE SALES;São Francisco de Sales;3161304
3161403;SAO FRANCISCO DO GLORIA;São Francisco do Glória;3161403
3161502;SAO GERALDO;São Geraldo;3161502
3161601;SAO GERALDO DA PIEDADE;São Geraldo da Piedade;3161601
3161650;SAO GERALDO DO BAIXIO;São Geraldo do Baixio;3161650
3161700;SAO GONCALO DO ABAETE;São Gonçalo do Abaeté;3161700
3161809;SAO GONCALO DO PARA;São Gonçalo do Pará;3161809
3161908;SAO GONCALO DO RIO ABAIXO;São Gonçalo do Rio Abaixo;3161908
3162005;SAO GONCALO DO SAPUCAI;São Gonçalo do Sapucaí;3162005
3162104;SAO GOTARDO;São Gotardo;3162104
3162203;SAO JOAO BATISTA DO GLORIA;São João Batista do Glória;3162203
3162252;SAO JOAO DA LAGOA;São João da Lagoa;3162252
3162302;SAO JOAO DA MATA;São João da Mata;3162302
3162401;SAO JOAO DA PONTE;São João da Ponte;3162401
3162450;SAO JOAO DAS MISSOES;São João das Missões;3162450
3162500;SAO JOAO DEL REI;São João del Rei;3162500
3162559;SAO JOAO DO MANHUACU;São João do Manhuaçu;3162559
3162575;SAO JOAO DO MANTENINHA;São João do Manteninha;3162575
3162609;SAO JOAO DO ORIENTE;São João do Oriente;3162609
3162658;SAO JOAO DO PACUI;São João do Pacuí;3162658
3162708;SAO JOAO DO PARAISO;São João do Paraíso;2111052
3304144;QUEIMADOS;Queimados;3304144
3304151;QUISSAMA;Quissamã;3304151
3304201;RESENDE;Resende;3304201
3304300;RIO BONITO;Rio Bonito;3304300
3304409;RIO CLARO;Rio Claro;3304409
3304508;RIO DAS FLORES;Rio das Flores;3304508
3304524;RIO DAS OSTRAS;Rio das Ostras;3304524
3304557;RIO DE JANEIRO;Rio de Janeiro;3304557
3304607;SANTA MARIA MADALENA;Santa Maria Madalena;3304607
3304706;SANTO ANTONIO DE PADUA;Santo Antônio de Pádua;3304706
3304755;SAO FRANCISCO DE ITABAPOANA;São Francisco de Itabapoana;3304755
3304805;SAO FIDELIS;São Fidélis;3304805
3304904;SAO GONCALO;São Gonçalo;3304904
3305000;SAO JOAO DA BARRA;São João da Barra;3305000
3305109;SAO JOAO DE MERITI;São João de Meriti;3305109
3305133;SAO JOSE DE UBA;São José de Ubá;3305133
3305158;SAO JOSE DO VALE DO RIO PRETO;São José do Vale do Rio Preto;3305158
3305208;SAO PEDRO DA ALDEIA;São Pedro da Aldeia;3305208
3305307;SAO SEBASTIAO DO ALTO;São Sebastião do Alto;3305307
3305406;SAPUCAIA;Sapucaia;3305406
3305505;SAQUAREMA;Saquarema;3305505
3305554;SEROPEDICA;Seropédica;3305554
3305604;SILVA JARDIM;Silva Jardim;3305604
3305703;SUMIDOURO;Sumidouro;3305703
3305752;TANGUA;Tanguá;3305752
3305802;TERESOPOLIS;Teresópolis;3305802
3305901;TRAJANO DE MORAES;Trajano de Moreis;#N/D
3306008;TRES RIOS;Três Rios;3306008
3306107;VALENCA;Valença;3306107
3306156;VARRE-SAI;Varre-Sai;3306156
3306206;VASSOURAS;Vassouras;3306206
3306305;VOLTA REDONDA;Volta Redonda;3306305
3400105;ADAMANTINA;Adamantina;3500105
3400204;ADOLFO;Adolfo;3500204
3400303;AGUAI;Aguaí;3500303
3400402;AGUAS DA PRATA;Águas da Prata;3500402
3400501;AGUAS DE LINDOIA;Águas de Lindóia;3500501
3400550;AGUAS DE SANTA BARBARA;Águas de Santa Bárbara;3500550
3400600;AGUAS DE SAO PEDRO;Águas de São Pedro;3500600
3400709;AGUDOS;Agudos;3500709
3400758;ALAMBARI;Alambari;3500758
3400808;ALFREDO MARCONDES;Alfredo Marcondes;3500808
3400907;ALTAIR;Altair;3500907
3401004;ALTINOPOLIS;Altinópolis;3501004
3401103;ALTO ALEGRE;Alto Alegre;1400050
3401152;ALUMINIO;Alumínio;3501152
3401202;ALVARES FLORENCE;Álvares Florence;3501202
3401301;ALVARES MACHADO;Álvares Machado;3501301
3401400;ALVARO DE CARVALHO;Álvaro de Carvalho;3501400
3401509;ALVINLANDIA;Alvinlândia;3501509
3401608;AMERICANA;Americana;3501608
3401707;AMERICO BRASILIENSE;Américo Brasiliense;3501707
3401806;AMERICO DE CAMPOS;Américo de Campos;3501806
3401905;AMPARO;Amparo;2500734
3402002;ANALANDIA;Analândia;3502002
3402101;ANDRADINA;Andradina;3502101
3402200;ANGATUBA;Angatuba;3502200
3402309;ANHEMBI;Anhembi;3502309
3402408;ANHUMAS;Anhumas;3502408
3402507;APARECIDA;Aparecida;2500775
3402606;APARECIDA D'OESTE;Aparecida d'Oeste;3502606
3402705;APIAI;Apiaí;3502705
3402754;ARACARIGUAMA;Araçariguama;3502754
3402804;ARACATUBA;Araçatuba;3502804
3402903;ARACOIABA DA SERRA;Araçoiaba da Serra;3502903
3403000;ARAMINA;Aramina;3503000
3403109;ARANDU;Arandu;3503109
3403158;ARAPEI;Arapeí;3503158
3403208;ARARAQUARA;Araraquara;3503208
3403307;ARARAS;Araras;3503307
4322533;VALE DO SOL;Vale do Sol;4322533
4322541;VALE REAL;Vale Real;4322541
4322558;VANINI;Vanini;4322558
4322608;VENANCIO AIRES;Venâncio Aires;4322608
4322707;VERA CRUZ;Vera Cruz;2414803
4322806;VERANOPOLIS;Veranópolis;4322806
4322855;VESPASIANO CORREA;Vespasiano Correa;4322855
4322905;VIADUTOS;Viadutos;4322905
4323002;VIAMAO;Viamão;4323002
4323101;VICENTE DUTRA;Vicente Dutra;4323101
4323200;VICTOR GRAEFF;Victor Graeff;4323200
4323309;VILA FLORES;Vila Flores;4323309
4323358;VILA LANGARO;Vila Lângaro;4323358
4323408;VILA MARIA;Vila Maria;4323408
4323457;VILA NOVA DO SUL;Vila Nova do Sul;4323457
4323507;VISTA ALEGRE;Vista Alegre;4323507
4323606;VISTA ALEGRE DO PRATA;Vista Alegre do Prata;4323606
4323705;VISTA GAUCHA;Vista Gaúcha;4323705
4323754;VITORIA DAS MISSOES;Vitória das Missões;4323754
4323770;WESTFALIA;Westfalia;4323770
4323804;XANGRI-LA;Xangri-lá;4323804
5100102;ACORIZAL;Acorizal;5100102
4205456;FORQUILHINHA;Forquilhinha;4205456
4205506;FRAIBURGO;Fraiburgo;4205506
4205555;FREI ROGERIO;Frei Rogério;4205555
4205605;GALVAO;Galvão;4205605
4205704;GAROPABA;Garopaba;4205704
4205803;GARUVA;Garuva;4205803
4205902;GASPAR;Gaspar;4205902
4206009;GOVERNADOR CELSO RAMOS;Governador Celso Ramos;4206009
4206108;GRAO PARA;Grão Pará;4206108
4206207;GRAVATAL;Gravatal;4206207
4206306;GUABIRUBA;Guabiruba;4206306
4206405;GUARACIABA;Guaraciaba;4206405
4206504;GUARAMIRIM;Guaramirim;4206504
4206603;GUARUJA DO SUL;Guarujá do Sul;4206603
4206652;GUATAMBU;Guatambú;4206652
4206702;HERVAL D'OESTE;Herval d'Oeste;4206702
4206751;IBIAM;Ibiam;4206751
4206801;IBICARE;Ibicaré;4206801
4206900;IBIRAMA;Ibirama;4206900
4207007;ICARA;Içara;4207007
4207106;ILHOTA;Ilhota;4207106
4207205;IMARUI;Imaruí;4207205
4207304;IMBITUBA;Imbituba;4207304
4207403;IMBUIA;Imbuia;4207403
4207502;INDAIAL;Indaial;4207502
4207577;IOMERE;Iomerê;4207577
4207601;IPIRA;Ipira;4207601
4207650;IPORA DO OESTE;Iporã do Oeste;4207650
4207684;IPUACU;Ipuaçu;4207684
4207700;IPUMIRIM;Ipumirim;4207700
4207759;IRACEMINHA;Iraceminha;4207759
4207809;IRANI;Irani;4207809
4207858;IRATI;Irati;4207858
4207908;IRINEOPOLIS;Irineópolis;4207908
4208005;ITA;Itá;4208005
4208104;ITAIOPOLIS;Itaiópolis;4208104
4208203;ITAJAI;Itajaí;4208203
4208302;ITAPEMA;Itapema;4208302
4208401;ITAPIRANGA;Itapiranga;1302009
4208450;ITAPOA;Itapoá;4208450
4208500;ITUPORANGA;Ituporanga;4208500
4208609;JABORA;Jaborá;4208609
4208708;JACINTO MACHADO;Jacinto Machado;4208708
4208807;JAGUARUNA;Jaguaruna;4208807
4208906;JARAGUA DO SUL;Jaraguá do Sul;4208906
4208955;JARDINOPOLIS;Jardinópolis;4208955
4209003;JOACABA;Joaçaba;4209003
4209102;JOINVILLE;Joinville;4209102
4209151;JOSE BOITEUX;José Boiteux;4209151
4209177;JUPIA;Jupiá;4209177
4209201;LACERDOPOLIS;Lacerdópolis;4209201
4209300;LAGES;Lages;4209300
4209409;LAGUNA;Laguna;4209409
4209458;LAJEADO GRANDE;Lajeado Grande;4209458
4209508;LAURENTINO;Laurentino;4209508
4209607;LAURO MULLER;Lauro Muller;4209607
4209706;LEBON REGIS;Lebon Régis;4209706
4209805;LEOBERTO LEAL;Leoberto Leal;4209805
4209854;LINDOIA DO SUL;Lindóia do Sul;4209854
4209904;LONTRAS;Lontras;4209904
4210001;LUIZ ALVES;Luiz Alves;4210001
4210035;LUZERNA;Luzerna;4210035
4210050;MACIEIRA;Macieira;4210050
4210100;MAFRA;Mafra;4210100
4210209;MAJOR GERCINO;Major Gercino;4210209
4210308;MAJOR VIEIRA;Major Vieira;4210308
4210407;MARACAJA;Maracajá;4210407
4210506;MARAVILHA;Maravilha;2704609
4210555;MAREMA;Marema;4210555
4210605;MASSARANDUBA;Massaranduba;2509206
4210704;MATOS COSTA;Matos Costa;4210704
4210803;MELEIRO;Meleiro;4210803
4210852;MIRIM DOCE;Mirim Doce;4210852
4210902;MODELO;Modelo;4210902
4211009;MONDAI;Mondaí;4211009
4211058;MONTE CARLO;Monte Carlo;4211058
4211108;MONTE CASTELO;Monte Castelo;4211108
4211207;MORRO DA FUMACA;Morro da Fumaça;4211207
4211256;MORRO GRANDE;Morro Grande;4211256
4211306;NAVEGANTES;Navegantes;4211306
4211405;NOVA ERECHIM;Nova Erechim;4211405
4211454;NOVA ITABERABA;Nova Itaberaba;4211454
4211504;NOVA TRENTO;Nova Trento;4211504
4211603;NOVA VENEZA;Nova Veneza;5215009
4211652;NOVO HORIZONTE;Novo Horizonte;4211652
4211702;ORLEANS;Orleans;4211702
4211751;OTACILIO COSTA;Otacílio Costa;4211751
4211801;OURO;Ouro;4211801
2926202;RIACHAO DAS NEVES;Riachão das Neves;2926202
2926301;RIACHAO DO JACUIPE;Riachão do Jacuípe;2926301
2926400;RIACHO DE SANTANA;Riacho de Santana;2410801
2926509;RIBEIRA DO AMPARO;Ribeira do Amparo;2926509
2926608;RIBEIRA DO POMBAL;Ribeira do Pombal;2926608
2926657;RIBEIRAO DO LARGO;Ribeirão do Largo;2926657
2926707;RIO DE CONTAS;Rio de Contas;2926707
2926806;RIO DO ANTONIO;Rio do Antônio;2926806
2926905;RIO DO PIRES;Rio do Pires;2926905
2927002;RIO REAL;Rio Real;2927002
2927101;RODELAS;Rodelas;2927101
2927200;RUY BARBOSA;Ruy Barbosa;2411106
2927309;SALINAS DA MARGARIDA;Salinas da Margarida;2927309
2927408;SALVADOR;Salvador;2927408
2927507;SANTA BARBARA;Santa Bárbara;2927507
2927606;SANTA BRIGIDA;Santa Brígida;2927606
2927705;SANTA CRUZ CABRALIA;Santa Cruz Cabrália;2927705
2927804;SANTA CRUZ DA VITORIA;Santa Cruz da Vitória;2927804
2927903;SANTA INES;Santa Inês;2109908
2928000;SANTALUZ;Santaluz;2928000
2928059;SANTA LUZIA;Santa Luzia;2110005
2928109;SANTA MARIA DA VITORIA;Santa Maria da Vitória;2928109
2928208;SANTANA;Santana;1600600
2928307;SANTANOPOLIS;Santanópolis;2928307
2928406;SANTA RITA DE CASSIA;Santa Rita de Cássia;2928406
2928505;SANTA TERESINHA;Santa Teresinha;2513802
2928604;SANTO AMARO;Santo Amaro;2928604
2928703;SANTO ANTONIO DE JESUS;Santo Antônio de Jesus;2928703
2928802;SANTO ESTEVAO;Santo Estêvão;2928802
2928901;SAO DESIDERIO;São Desidério;2928901
2928950;SAO DOMINGOS;São Domingos;2806800
2929008;SAO FELIX;São Félix;2929008
2929057;SAO FELIX DO CORIBE;São Félix do Coribe;2929057
2929107;SAO FELIPE;São Felipe;2929107
2929206;SAO FRANCISCO DO CONDE;São Francisco do Conde;2929206
2929255;SAO GABRIEL;São Gabriel;2929255
2929305;SAO GONCALO DOS CAMPOS;São Gonçalo dos Campos;2929305
2929354;SAO JOSE DA VITORIA;São José da Vitória;2929354
2929370;SAO JOSE DO JACUIPE;São José do Jacuípe;2929370
2929404;SAO MIGUEL DAS MATAS;São Miguel das Matas;2929404
2929503;SAO SEBASTIAO DO PASSE;São Sebastião do Passé;2929503
2929602;SAPEACU;Sapeaçu;2929602
2929701;SATIRO DIAS;Sátiro Dias;2929701
2929750;SAUBARA;Saubara;2929750
2929800;SAUDE;Saúde;2929800
2929909;SEABRA;Seabra;2929909
2930006;SEBASTIAO LARANJEIRAS;Sebastião Laranjeiras;2930006
2930105;SENHOR DO BONFIM;Senhor do Bonfim;2930105
2930154;SERRA DO RAMALHO;Serra do Ramalho;2930154
2930204;SENTO SE;Sento Sé;2930204
2930303;SERRA DOURADA;Serra Dourada;2930303
2930402;SERRA PRETA;Serra Preta;2930402
2930501;SERRINHA;Serrinha;2413508
2930600;SERROLANDIA;Serrolândia;2930600
2930709;SIMOES FILHO;Simões Filho;2930709
2930758;SITIO DO MATO;Sítio do Mato;2930758
2930766;SITIO DO QUINTO;Sítio do Quinto;2930766
2930774;SOBRADINHO;Sobradinho;2930774
2930808;SOUTO SOARES;Souto Soares;2930808
2930907;TABOCAS DO BREJO VELHO;Tabocas do Brejo Velho;2930907
2931004;TANHACU;Tanhaçu;2931004
2931053;TANQUE NOVO;Tanque Novo;2931053
2931103;TANQUINHO;Tanquinho;2931103
2931202;TAPEROA;Taperoá;2516508
2931301;TAPIRAMUTA;Tapiramutá;2931301
2931350;TEIXEIRA DE FREITAS;Teixeira de Freitas;2931350
2931400;TEODORO SAMPAIO;Teodoro Sampaio;2931400
2931509;TEOFILANDIA;Teofilândia;2931509
2931608;TEOLANDIA;Teolândia;2931608
2931707;TERRA NOVA;Terra Nova;2615201
2931806;TREMEDAL;Tremedal;2931806
2931905;TUCANO;Tucano;2931905
2932002;UAUA;Uauá;2932002
2932101;UBAIRA;Ubaíra;2932101
2932200;UBAITABA;Ubaitaba;2932200
2932309;UBATA;Ubatã;2932309
2932408;UIBAI;Uibaí;2932408
2932457;UMBURANAS;Umburanas;2932457
2932507;UNA;Una;2932507
2932606;URANDI;Urandi;2932606
2932705;URUCUCA;Uruçuca;2932705
2932804;UTINGA;Utinga;2932804
2932903;VALENCA;Valença;3306107
2933000;VALENTE;Valente;2933000
2933059;VARZEA DA ROCA;Várzea da Roça;2933059
2933109;VARZEA DO POCO;Várzea do Poço;2933109
2933158;VARZEA NOVA;Várzea Nova;2933158
2933174;VARZEDO;Varzedo;2933174
2933208;VERA CRUZ;Vera Cruz;2414803
2933257;VEREDA;Vereda;2933257
2933307;VITORIA DA CONQUISTA;Vitória da Conquista;2933307
2933406;WAGNER;Wagner;2933406
2933455;WANDERLEY;Wanderley;2933455
2933505;WENCESLAU GUIMARAES;Wenceslau Guimarães;2933505
2933604;XIQUE-XIQUE;Xique-Xique;2933604
3100104;ABADIA DOS DOURADOS;Abadia dos Dourados;3100104
3100203;ABAETE;Abaeté;3100203
3100302;ABRE CAMPO;Abre Campo;3100302
3100401;ACAIACA;Acaiaca;3100401
3100500;ACUCENA;Açucena;3100500
3100609;AGUA BOA;Água Boa;5100201
3100708;AGUA COMPRIDA;Água Comprida;3100708
3100807;AGUANIL;Aguanil;3100807
3100906;AGUAS FORMOSAS;Águas Formosas;3100906
3101003;AGUAS VERMELHAS;Águas Vermelhas;3101003
3101102;AIMORES;Aimorés;3101102
3101201;AIURUOCA;Aiuruoca;3101201
3101300;ALAGOA;Alagoa;3101300
3101409;ALBERTINA;Albertina;3101409
3101508;ALEM PARAIBA;Além Paraíba;3101508
3101607;ALFENAS;Alfenas;3101607
3101631;ALFREDO VASCONCELOS;Alfredo Vasconcelos;3101631
3101706;ALMENARA;Almenara;3101706
3101805;ALPERCATA;Alpercata;3101805
3101904;ALPINOPOLIS;Alpinópolis;3101904
3102001;ALTEROSA;Alterosa;3102001
3102050;ALTO CAPARAO;Alto Caparaó;3102050
3102100;ALTO RIO DOCE;Alto Rio Doce;3102100
3102209;ALVARENGA;Alvarenga;3102209
3102308;ALVINOPOLIS;Alvinópolis;3102308
3102407;ALVORADA DE MINAS;Alvorada de Minas;3102407
3102506;AMPARO DO SERRA;Amparo do Serra;3102506
3102605;ANDRADAS;Andradas;3102605
3202900;ITARANA;Itarana;3202900
3203007;IUNA;Iúna;3203007
3203056;JAGUARE;Jaguaré;3203056
3203106;JERONIMO MONTEIRO;Jerônimo Monteiro;3203106
3203130;JOAO NEIVA;João Neiva;3203130
3203163;LARANJA DA TERRA;Laranja da Terra;3203163
3203205;LINHARES;Linhares;3203205
3203304;MANTENOPOLIS;Mantenópolis;3203304
3203320;MARATAIZES;Marataízes;3203320
3203346;MARECHAL FLORIANO;Marechal Floriano;3203346
3203353;MARILANDIA;Marilândia;3203353
3203403;MIMOSO DO SUL;Mimoso do Sul;3203403
3203502;MONTANHA;Montanha;3203502
3203601;MUCURICI;Mucurici;3203601
3203700;MUNIZ FREIRE;Muniz Freire;3203700
3203809;MUQUI;Muqui;3203809
3203908;NOVA VENECIA;Nova Venécia;3203908
3204005;PANCAS;Pancas;3204005
3204054;PEDRO CANARIO;Pedro Canário;3204054
3204104;PINHEIROS;Pinheiros;3204104
3204203;PIUMA;Piúma;3204203
3204252;PONTO BELO;Ponto Belo;3204252
3204302;PRESIDENTE KENNEDY;Presidente Kennedy;3204302
3204351;RIO BANANAL;Rio Bananal;3204351
3204401;RIO NOVO DO SUL;Rio Novo do Sul;3204401
3204500;SANTA LEOPOLDINA;Santa Leopoldina;3204500
3204559;SANTA MARIA DE JETIBA;Santa Maria de Jetibá;3204559
3204609;SANTA TERESA;Santa Teresa;3204609
3204658;SAO DOMINGOS DO NORTE;São Domingos do Norte;3204658
3204708;SAO GABRIEL DA PALHA;São Gabriel da Palha;3204708
3204807;SAO JOSE DO CALCADO;São José do Calçado;3204807
3204906;SAO MATEUS;São Mateus;3204906
3204955;SAO ROQUE DO CANAA;São Roque do Canaã;3204955
3205002;SERRA;Serra;3205002
3205010;SOORETAMA;Sooretama;3205010
3205036;VARGEM ALTA;Vargem Alta;3205036
3205069;VENDA NOVA DO IMIGRANTE;Venda Nova do Imigrante;3205069
3205101;VIANA;Viana;3205101
3205150;VILA PAVAO;Vila Pavão;3205150
3205176;VILA VALERIO;Vila Valério;3205176
3205200;VILA VELHA;Vila Velha;3205200
3205309;VITORIA;Vitória;3205309
3300100;ANGRA DOS REIS;Angra dos Reis;3300100
3300159;APERIBE;Aperibé;3300159
3300209;ARARUAMA;Araruama;3300209
3300225;AREAL;Areal;3300225
3300233;ARMACAO DOS BUZIOS;Armação dos Búzios;3300233
3300258;ARRAIAL DO CABO;Arraial do Cabo;3300258
3300308;BARRA DO PIRAI;Barra do Piraí;3300308
3300407;BARRA MANSA;Barra Mansa;3300407
3300456;BELFORD ROXO;Belford Roxo;3300456
3300506;BOM JARDIM;Bom Jardim;3300506
3300605;BOM JESUS DO ITABAPOANA;Bom Jesus do Itabapoana;3300605
3300704;CABO FRIO;Cabo Frio;3300704
3300803;CACHOEIRAS DE MACACU;Cachoeiras de Macacu;3300803
3300902;CAMBUCI;Cambuci;3300902
3300936;CARAPEBUS;Carapebus;3300936
3300951;COMENDADOR LEVY GASPARIAN;Comendador Levy Gasparian;3300951
3301009;CAMPOS DOS GOYTACAZES;Campos dos Goytacazes;3301009
3301108;CANTAGALO;Cantagalo;3301108
3301157;CARDOSO MOREIRA;Cardoso Moreira;3301157
3301207;CARMO;Carmo;3301207
3301306;CASIMIRO DE ABREU;Casimiro de Abreu;3301306
3301405;CONCEICAO DE MACABU;Conceição de Macabu;3301405
3301504;CORDEIRO;Cordeiro;3301504
3301603;DUAS BARRAS;Duas Barras;3301603
3301702;DUQUE DE CAXIAS;Duque de Caxias;3301702
3301801;ENGENHEIRO PAULO DE FRONTIN;Engenheiro Paulo de Frontin;3301801
3301850;GUAPIMIRIM;Guapimirim;3301850
3301876;IGUABA GRANDE;Iguaba Grande;3301876
3301900;ITABORAI;Itaboraí;3301900
3302007;ITAGUAI;Itaguaí;3302007
3302056;ITALVA;Italva;3302056
3302106;ITAOCARA;Itaocara;3302106
3302205;ITAPERUNA;Itaperuna;3302205
3302254;ITATIAIA;Itatiaia;3302254
3302270;JAPERI;Japeri;3302270
3302304;LAJE DO MURIAE;Laje do Muriaé;3302304
3302403;MACAE;Macaé;3302403
3302452;MACUCO;Macuco;3302452
3302502;MAGE;Magé;3302502
3302601;MANGARATIBA;Mangaratiba;3302601
3302700;MARICA;Maricá;3302700
3302809;MENDES;Mendes;3302809
3302858;MESQUITA;Mesquita;3302858
3302908;MIGUEL PEREIRA;Miguel Pereira;3302908
3303005;MIRACEMA;Miracema;3303005
3303104;NATIVIDADE;Natividade;3303104
3303203;NILOPOLIS;Nilópolis;3303203
3303302;NITEROI;Niterói;3303302
3303401;NOVA FRIBURGO;Nova Friburgo;3303401
3303500;NOVA IGUACU;Nova Iguaçu;3303500
3303609;PARACAMBI;Paracambi;3303609
3303708;PARAIBA DO SUL;Paraíba do Sul;3303708
3303807;PARATI;Parati;3303807
3303856;PATY DO ALFERES;Paty do Alferes;3303856
3303906;PETROPOLIS;Petrópolis;3303906
3303955;PINHEIRAL;Pinheiral;3303955
3304003;PIRAI;Piraí;3304003
3304102;PORCIUNCULA;Porciúncula;3304102
3304110;PORTO REAL;Porto Real;3304110
3304128;QUATIS;Quatis;3304128
4200051;ABDON BATISTA;Abdon Batista;4200051
4200101;ABELARDO LUZ;Abelardo Luz;4200101
4200200;AGROLANDIA;Agrolândia;4200200
4200309;AGRONOMICA;Agronômica;4200309
4200408;AGUA DOCE;Água Doce;4200408
4200507;AGUAS DE CHAPECO;Águas de Chapecó;4200507
4200556;AGUAS FRIAS;Águas Frias;4200556
4200606;AGUAS MORNAS;Águas Mornas;4200606
4200705;ALFREDO WAGNER;Alfredo Wagner;4200705
4200754;ALTO BELA VISTA;Alto Bela Vista;4200754
4200804;ANCHIETA;Anchieta;3200409
4200903;ANGELINA;Angelina;4200903
4201000;ANITA GARIBALDI;Anita Garibaldi;4201000
4201109;ANITAPOLIS;Anitápolis;4201109
4201208;ANTONIO CARLOS;Antônio Carlos;4201208
4201257;APIUNA;Apiúna;4201257
4201273;ARABUTA;Arabutã;4201273
4201307;ARAQUARI;Araquari;4201307
4201406;ARARANGUA;Araranguá;4201406
4201505;ARMAZEM;Armazém;4201505
4201604;ARROIO TRINTA;Arroio Trinta;4201604
4201653;ARVOREDO;Arvoredo;4201653
4201703;ASCURRA;Ascurra;4201703
4201802;ATALANTA;Atalanta;4201802
4201901;AURORA;Aurora;2301703
4201950;BALNEARIO ARROIO DO SILVA;Balneário Arroio do Silva;4201950
4202008;BALNEARIO CAMBORIU;Balneário Camboriú;4202008
4202057;BALNEARIO BARRA DO SUL;Balneário Barra do Sul;4202057
4202073;BALNEARIO GAIVOTA;Balneário Gaivota;4202073
4202081;BANDEIRANTE;Bandeirante;4202081
4202099;BARRA BONITA;Barra Bonita;4202099
4202107;BARRA VELHA;Barra Velha;4202107
4202131;BELA VISTA DO TOLDO;Bela Vista do Toldo;4202131
4202156;BELMONTE;Belmonte;4202156
4202206;BENEDITO NOVO;Benedito Novo;4202206
4202305;BIGUACU;Biguaçu;4202305
4202404;BLUMENAU;Blumenau;4202404
4202438;BOCAINA DO SUL;Bocaina do Sul;4202438
4202453;BOMBINHAS;Bombinhas;4202453
4202503;BOM JARDIM DA SERRA;Bom Jardim da Serra;4202503
4202537;BOM JESUS;Bom Jesus;2401701
4202578;BOM JESUS DO OESTE;Bom Jesus do Oeste;4202578
4202602;BOM RETIRO;Bom Retiro;4202602
4202701;BOTUVERA;Botuverá;4202701
4202800;BRACO DO NORTE;Braço do Norte;4202800
4202859;BRACO DO TROMBUDO;Braço do Trombudo;4202859
4202875;BRUNOPOLIS;Brunópolis;4202875
4202909;BRUSQUE;Brusque;4202909
4203006;CACADOR;Caçador;4203006
4203105;CAIBI;Caibi;4203105
4203154;CALMON;Calmon;4203154
4203204;CAMBORIU;Camboriú;4203204
4203253;CAPAO ALTO;Capão Alto;4203253
4203303;CAMPO ALEGRE;Campo Alegre;2701407
4203402;CAMPO BELO DO SUL;Campo Belo do Sul;4203402
4203501;CAMPO ERE;Campo Erê;4203501
4203600;CAMPOS NOVOS;Campos Novos;4203600
4203709;CANELINHA;Canelinha;4203709
4203808;CANOINHAS;Canoinhas;4203808
4203907;CAPINZAL;Capinzal;4203907
4203956;CAPIVARI DE BAIXO;Capivari de Baixo;4203956
4204004;CATANDUVAS;Catanduvas;4204004
4204103;CAXAMBU DO SUL;Caxambu do Sul;4204103
4204152;CELSO RAMOS;Celso Ramos;4204152
4204178;CERRO NEGRO;Cerro Negro;4204178
4204194;CHAPADAO DO LAGEADO;Chapadão do Lageado;4204194
4204202;CHAPECO;Chapecó;4204202
4204251;COCAL DO SUL;Cocal do Sul;4204251
4204301;CONCORDIA;Concórdia;4204301
4204350;CORDILHEIRA ALTA;Cordilheira Alta;4204350
4204400;CORONEL FREITAS;Coronel Freitas;4204400
4204459;CORONEL MARTINS;Coronel Martins;4204459
4204509;CORUPA;Corupá;4204509
4204558;CORREIA PINTO;Correia Pinto;4204558
4204608;CRICIUMA;Criciúma;4204608
4204707;CUNHA PORA;Cunha Porã;4204707
4115804;MEDIANEIRA;Medianeira;4115804
4115853;MERCEDES;Mercedes;4115853
4115903;MIRADOR;Mirador;2106706
4116000;MIRASELVA;Miraselva;4116000
4116059;MISSAL;Missal;4116059
4116109;MOREIRA SALES;Moreira Sales;4116109
4116208;MORRETES;Morretes;4116208
4116307;MUNHOZ DE MELO;Munhoz de Melo;4116307
4116406;NOSSA SENHORA DAS GRACAS;Nossa Senhora das Graças;4116406
4116505;NOVA ALIANCA DO IVAI;Nova Aliança do Ivaí;4116505
4116604;NOVA AMERICA DA COLINA;Nova América da Colina;4116604
4116703;NOVA AURORA;Nova Aurora;5214804
4116802;NOVA CANTU;Nova Cantu;4116802
4116901;NOVA ESPERANCA;Nova Esperança;4116901
4116950;NOVA ESPERANCA DO SUDOESTE;Nova Esperança do Sudoeste;4116950
4117008;NOVA FATIMA;Nova Fátima;4117008
4117057;NOVA LARANJEIRAS;Nova Laranjeiras;4117057
4117107;NOVA LONDRINA;Nova Londrina;4117107
4117206;NOVA OLIMPIA;Nova Olímpia;5106232
4117214;NOVA SANTA BARBARA;Nova Santa Bárbara;4117214
4117222;NOVA SANTA ROSA;Nova Santa Rosa;4117222
4117255;NOVA PRATA DO IGUACU;Nova Prata do Iguaçu;4117255
4117271;NOVA TEBAS;Nova Tebas;4117271
4117297;NOVO ITACOLOMI;Novo Itacolomi;4117297
4117305;ORTIGUEIRA;Ortigueira;4117305
4117404;OURIZONA;Ourizona;4117404
4117453;OURO VERDE DO OESTE;Ouro Verde do Oeste;4117453
4117503;PAICANDU;Paiçandu;4117503
4117602;PALMAS;Palmas;1721000
4117701;PALMEIRA;Palmeira;4212056
4117800;PALMITAL;Palmital;4117800
4117909;PALOTINA;Palotina;4117909
4118006;PARAISO DO NORTE;Paraíso do Norte;4118006
4118105;PARANACITY;Paranacity;4118105
4118204;PARANAGUA;Paranaguá;4118204
4118303;PARANAPOEMA;Paranapoema;4118303
4118402;PARANAVAI;Paranavaí;4118402
4118451;PATO BRAGADO;Pato Bragado;4118451
4118501;PATO BRANCO;Pato Branco;4118501
4118600;PAULA FREITAS;Paula Freitas;4118600
4118709;PAULO FRONTIN;Paulo Frontin;4118709
4118808;PEABIRU;Peabiru;4118808
4118857;PEROBAL;Perobal;4118857
4118907;PEROLA;Pérola;4118907
4119004;PEROLA D'OESTE;Pérola d'Oeste;4119004
4119103;PIEN;Piên;4119103
4119152;PINHAIS;Pinhais;4119152
4119202;PINHALAO;Pinhalão;4119202
4119251;PINHAL DE SAO BENTO;Pinhal de São Bento;4119251
4119301;PINHAO;Pinhão;2805208
4119400;PIRAI DO SUL;Piraí do Sul;4119400
4119509;PIRAQUARA;Piraquara;4119509
4119608;PITANGA;Pitanga;4119608
4119657;PITANGUEIRAS;Pitangueiras;4119657
4119707;PLANALTINA DO PARANA;Planaltina do Paraná;4119707
4119806;PLANALTO;Planalto;4119806
4119905;PONTA GROSSA;Ponta Grossa;4119905
4119954;PONTAL DO PARANA;Pontal do Paraná;4119954
4120002;PORECATU;Porecatu;4120002
4120101;PORTO AMAZONAS;Porto Amazonas;4120101
4120150;PORTO BARREIRO;Porto Barreiro;4120150
4120200;PORTO RICO;Porto Rico;4120200
4120309;PORTO VITORIA;Porto Vitória;4120309
4120333;PRADO FERREIRA;Prado Ferreira;4120333
4120358;PRANCHITA;Pranchita;4120358
4120408;PRESIDENTE CASTELO BRANCO;Presidente Castelo Branco;4120408
4120507;PRIMEIRO DE MAIO;Primeiro de Maio;4120507
4120606;PRUDENTOPOLIS;Prudentópolis;4120606
4120655;QUARTO CENTENARIO;Quarto Centenário;4120655
4120705;QUATIGUA;Quatiguá;4120705
4120804;QUATRO BARRAS;Quatro Barras;4120804
4120853;QUATRO PONTES;Quatro Pontes;4120853
4120903;QUEDAS DO IGUACU;Quedas do Iguaçu;4120903
4121000;QUERENCIA DO NORTE;Querência do Norte;4121000
4121109;QUINTA DO SOL;Quinta do Sol;4121109
4121208;QUITANDINHA;Quitandinha;4121208
4121257;RAMILANDIA;Ramilândia;4121257
4121307;RANCHO ALEGRE;Rancho Alegre;4121307
4121356;RANCHO ALEGRE D'OESTE;Rancho Alegre D'Oeste;4121356
4121406;REALEZA;Realeza;4121406
4121505;REBOUCAS;Rebouças;4121505
4121604;RENASCENCA;Renascença;4121604
4121703;RESERVA;Reserva;4121703
4121752;RESERVA DO IGUACU;Reserva do Iguaçu;4121752
4121802;RIBEIRAO CLARO;Ribeirão Claro;4121802
4121901;RIBEIRAO DO PINHAL;Ribeirão do Pinhal;4121901
4122008;RIO AZUL;Rio Azul;4122008
4122107;RIO BOM;Rio Bom;4122107
4122156;RIO BONITO DO IGUACU;Rio Bonito do Iguaçu;4122156
4122172;RIO BRANCO DO IVAI;Rio Branco do Ivaí;4122172
4122206;RIO BRANCO DO SUL;Rio Branco do Sul;4122206
4122305;RIO NEGRO;Rio Negro;5007307
4122404;ROLANDIA;Rolândia;4122404
4122503;RONCADOR;Roncador;4122503
4122602;RONDON;Rondon;4122602
4122651;ROSARIO DO IVAI;Rosário do Ivaí;4122651
4122701;SABAUDIA;Sabáudia;4122701
4122800;SALGADO FILHO;Salgado Filho;4122800
4122909;SALTO DO ITARARE;Salto do Itararé;4122909
3107802;BOM JESUS DO GALHO;Bom Jesus do Galho;3107802
3107901;BOM REPOUSO;Bom Repouso;3107901
3108008;BOM SUCESSO;Bom Sucesso;2502300
3108107;BONFIM;Bonfim;1400159
3108206;BONFINOPOLIS DE MINAS;Bonfinópolis de Minas;3108206
3108255;BONITO DE MINAS;Bonito de Minas;3108255
3108305;BORDA DA MATA;Borda da Mata;3108305
3108404;BOTELHOS;Botelhos;3108404
3108503;BOTUMIRIM;Botumirim;3108503
3108552;BRASILANDIA DE MINAS;Brasilândia de Minas;3108552
3108602;BRASILIA DE MINAS;Brasília de Minas;3108602
3108701;BRAS PIRES;Brás Pires;3108701
3108800;BRAUNAS;Braúnas;3108800
3108909;BRASOPOLIS;Brasópolis;3108909
3109006;BRUMADINHO;Brumadinho;3109006
3109105;BUENO BRANDAO;Bueno Brandão;3109105
3109204;BUENOPOLIS;Buenópolis;3109204
3109253;BUGRE;Bugre;3109253
3109303;BURITIS;Buritis;1100452
3109402;BURITIZEIRO;Buritizeiro;3109402
3109451;CABECEIRA GRANDE;Cabeceira Grande;3109451
3109501;CABO VERDE;Cabo Verde;3109501
3109600;CACHOEIRA DA PRATA;Cachoeira da Prata;3109600
3109709;CACHOEIRA DE MINAS;Cachoeira de Minas;3109709
3109808;CACHOEIRA DOURADA;Cachoeira Dourada;5204250
3109907;CAETANOPOLIS;Caetanópolis;3109907
3110004;CAETE;Caeté;3110004
3110103;CAIANA;Caiana;3110103
3110202;CAJURI;Cajuri;3110202
3110301;CALDAS;Caldas;3110301
3110400;CAMACHO;Camacho;3110400
3110509;CAMANDUCAIA;Camanducaia;3110509
3110608;CAMBUI;Cambuí;3110608
3110707;CAMBUQUIRA;Cambuquira;3110707
3110806;CAMPANARIO;Campanário;3110806
3110905;CAMPANHA;Campanha;3110905
3111002;CAMPESTRE;Campestre;2701357
3111101;CAMPINA VERDE;Campina Verde;3111101
3111150;CAMPO AZUL;Campo Azul;3111150
3111200;CAMPO BELO;Campo Belo;3111200
3111309;CAMPO DO MEIO;Campo do Meio;3111309
3111408;CAMPO FLORIDO;Campo Florido;3111408
3111507;CAMPOS ALTOS;Campos Altos;3111507
3111606;CAMPOS GERAIS;Campos Gerais;3111606
3111705;CANAA;Canaã;3111705
3111804;CANAPOLIS;Canápolis;2906105
3111903;CANA VERDE;Cana Verde;3111903
3112000;CANDEIAS;Candeias;2906501
3112059;CANTAGALO;Cantagalo;3301108
3112109;CAPARAO;Caparaó;3112109
3112208;CAPELA NOVA;Capela Nova;3112208
3112307;CAPELINHA;Capelinha;3112307
3112406;CAPETINGA;Capetinga;3112406
3112505;CAPIM BRANCO;Capim Branco;3112505
3112604;CAPINOPOLIS;Capinópolis;3112604
3112653;CAPITAO ANDRADE;Capitão Andrade;3112653
3112703;CAPITAO ENEAS;Capitão Enéas;3112703
3112802;CAPITOLIO;Capitólio;3112802
3112901;CAPUTIRA;Caputira;3112901
3113008;CARAI;Caraí;3113008
3113107;CARANAIBA;Caranaíba;3113107
3113206;CARANDAI;Carandaí;3113206
3113305;CARANGOLA;Carangola;3113305
3113404;CARATINGA;Caratinga;3113404
3113503;CARBONITA;Carbonita;3113503
3113602;CAREACU;Careaçu;3113602
3113701;CARLOS CHAGAS;Carlos Chagas;3113701
3113800;CARMESIA;Carmésia;3113800
3113909;CARMO DA CACHOEIRA;Carmo da Cachoeira;3113909
3114006;CARMO DA MATA;Carmo da Mata;3114006
3114105;CARMO DE MINAS;Carmo de Minas;3114105
3114204;CARMO DO CAJURU;Carmo do Cajuru;3114204
3114303;CARMO DO PARANAIBA;Carmo do Paranaíba;3114303
3114402;CARMO DO RIO CLARO;Carmo do Rio Claro;3114402
3114501;CARMOPOLIS DE MINAS;Carmópolis de Minas;3114501
3114550;CARNEIRINHO;Carneirinho;3114550
3114600;CARRANCAS;Carrancas;3114600
3114709;CARVALHOPOLIS;Carvalhópolis;3114709
3114808;CARVALHOS;Carvalhos;3114808
3114907;CASA GRANDE;Casa Grande;3114907
3115003;CASCALHO RICO;Cascalho Rico;3115003
3115102;CASSIA;Cássia;3115102
3115201;CONCEICAO DA BARRA DE MINAS;Conceição da Barra de Minas;3115201
3115300;CATAGUASES;Cataguases;3115300
3115359;CATAS ALTAS;Catas Altas;3115359
3115409;CATAS ALTAS DA NORUEGA;Catas Altas da Noruega;3115409
3115458;CATUJI;Catuji;3115458
3115474;CATUTI;Catuti;3115474
3115508;CAXAMBU;Caxambu;3115508
3115607;CEDRO DO ABAETE;Cedro do Abaeté;3115607
3115706;CENTRAL DE MINAS;Central de Minas;3115706
3115805;CENTRALINA;Centralina;3115805
3115904;CHACARA;Chácara;3115904
3116001;CHALE;Chalé;3116001
3116100;CHAPADA DO NORTE;Chapada do Norte;3116100
3116159;CHAPADA GAUCHA;Chapada Gaúcha;3116159
3116209;CHIADOR;Chiador;3116209
3116308;CIPOTANEA;Cipotânea;3116308
3116407;CLARAVAL;Claraval;3116407
3116506;CLARO DOS POCOES;Claro dos Poções;3116506
3116605;CLAUDIO;Cláudio;3116605
3116704;COIMBRA;Coimbra;3116704
3116803;COLUNA;Coluna;3116803
3116902;COMENDADOR GOMES;Comendador Gomes;3116902
3117009;COMERCINHO;Comercinho;3117009
3117108;CONCEICAO DA APARECIDA;Conceição da Aparecida;3117108
3117207;CONCEICAO DAS PEDRAS;Conceição das Pedras;3117207
3117306;CONCEICAO DAS ALAGOAS;Conceição das Alagoas;3117306
3117405;CONCEICAO DE IPANEMA;Conceição de Ipanema;3117405
3117504;CONCEICAO DO MATO DENTRO;Conceição do Mato Dentro;3117504
3117603;CONCEICAO DO PARA;Conceição do Pará;3117603
3117702;CONCEICAO DO RIO VERDE;Conceição do Rio Verde;3117702
3117801;CONCEICAO DOS OUROS;Conceição dos Ouros;3117801
3117836;CONEGO MARINHO;Cônego Marinho;3117836
3117876;CONFINS;Confins;3117876
3117900;CONGONHAL;Congonhal;3117900
3118007;CONGONHAS;Congonhas;3118007
3118106;CONGONHAS DO NORTE;Congonhas do Norte;3118106
3118205;CONQUISTA;Conquista;3118205
3118304;CONSELHEIRO LAFAIETE;Conselheiro Lafaiete;3118304
3118403;CONSELHEIRO PENA;Conselheiro Pena;3118403
3118502;CONSOLACAO;Consolação;3118502
3118601;CONTAGEM;Contagem;3118601
4204756;CUNHATAI;Cunhataí;4204756
4204806;CURITIBANOS;Curitibanos;4204806
4204905;DESCANSO;Descanso;4204905
4205001;DIONISIO CERQUEIRA;Dionísio Cerqueira;4205001
4205100;DONA EMMA;Dona Emma;4205100
4205159;DOUTOR PEDRINHO;Doutor Pedrinho;4205159
4205175;ENTRE RIOS;Entre Rios;4205175
4205191;ERMO;Ermo;4205191
4205209;ERVAL VELHO;Erval Velho;4205209
4205308;FAXINAL DOS GUEDES;Faxinal dos Guedes;4205308
4205357;FLOR DO SERTAO;Flor do Sertão;4205357
4205407;FLORIANOPOLIS;Florianópolis;4205407
4205431;FORMOSA DO SUL;Formosa do Sul;4205431
3446900;SANTA LUCIA;Santa Lúcia;4123824
3447007;SANTA MARIA DA SERRA;Santa Maria da Serra;3547007
3447106;SANTA MERCEDES;Santa Mercedes;3547106
3447205;SANTANA DA PONTE PENSA;Santana da Ponte Pensa;3547205
3447304;SANTANA DE PARNAIBA;Santana de Parnaíba;3547304
3447403;SANTA RITA D'OESTE;Santa Rita d'Oeste;3547403
3447502;SANTA RITA DO PASSA QUATRO;Santa Rita do Passa Quatro;3547502
3447601;SANTA ROSA DE VITERBO;Santa Rosa de Viterbo;3547601
3447650;SANTA SALETE;Santa Salete;3547650
3447700;SANTO ANASTACIO;Santo Anastácio;3547700
3447809;SANTO ANDRE;Santo André;2513851
3447908;SANTO ANTONIO DA ALEGRIA;Santo Antônio da Alegria;3547908
3448005;SANTO ANTONIO DE POSSE;Santo Antônio de Posse;3548005
3448054;SANTO ANTONIO DO ARACANGUA;Santo Antônio do Aracanguá;3548054
3448104;SANTO ANTONIO DO JARDIM;Santo Antônio do Jardim;3548104
3448203;SANTO ANTONIO DO PINHAL;Santo Antônio do Pinhal;3548203
3448302;SANTO EXPEDITO;Santo Expedito;3548302
3448401;SANTOPOLIS DO AGUAPEI;Santópolis do Aguapeí;3548401
3448500;SANTOS;Santos;3548500
3448609;SAO BENTO DO SAPUCAI;São Bento do Sapucaí;3548609
3448708;SAO BERNARDO DO CAMPO;São Bernardo do Campo;3548708
3448807;SAO CAETANO DO SUL;São Caetano do Sul;3548807
3448906;SAO CARLOS;São Carlos;4216008
3449003;SAO FRANCISCO;São Francisco;2806909
3449102;SAO JOAO DA BOA VISTA;São João da Boa Vista;3549102
3449201;SAO JOAO DAS DUAS PONTES;São João das Duas Pontes;3549201
3449250;SAO JOAO DE IRACEMA;São João de Iracema;3549250
3449300;SAO JOAO DO PAU D'ALHO;São João do Pau d'Alho;3549300
3449409;SAO JOAQUIM DA BARRA;São Joaquim da Barra;3549409
3449508;SAO JOSE DA BELA VISTA;São José da Bela Vista;3549508
3449607;SAO JOSE DO BARREIRO;São José do Barreiro;3549607
3449706;SAO JOSE DO RIO PARDO;São José do Rio Pardo;3549706
3449805;SAO JOSE DO RIO PRETO;São José do Rio Preto;3549805
3449904;SAO JOSE DOS CAMPOS;São José dos Campos;3549904
3449953;SAO LOURENCO DA SERRA;São Lourenço da Serra;3549953
3450001;SAO LUIS DO PARAITINGA;São Luís do Paraitinga;3550001
3450100;SAO MANUEL;São Manuel;3550100
3450209;SAO MIGUEL ARCANJO;São Miguel Arcanjo;3550209
3450308;SAO PAULO;São Paulo;3550308
3450407;SAO PEDRO;São Pedro;2412708
3450506;SAO PEDRO DO TURVO;São Pedro do Turvo;3550506
3450605;SAO ROQUE;São Roque;3550605
3450704;SAO SEBASTIAO;São Sebastião;2708808
3450803;SAO SEBASTIAO DA GRAMA;São Sebastião da Grama;3550803
3450902;SAO SIMAO;São Simão;5220405
3451009;SAO VICENTE;São Vicente;2413003
3451108;SARAPUI;Sarapuí;3551108
3451207;SARUTAIA;Sarutaiá;3551207
3451306;SEBASTIANOPOLIS DO SUL;Sebastianópolis do Sul;3551306
3451405;SERRA AZUL;Serra Azul;3551405
3451504;SERRANA;Serrana;3551504
3451603;SERRA NEGRA;Serra Negra;3551603
3451702;SERTAOZINHO;Sertãozinho;2515930
3451801;SETE BARRAS;Sete Barras;3551801
3451900;SEVERINIA;Severínia;3551900
3452007;SILVEIRAS;Silveiras;3552007
3452106;SOCORRO;Socorro;3552106
3452205;SOROCABA;Sorocaba;3552205
3452304;SUD MENNUCCI;Sud Mennucci;3552304
3452403;SUMARE;Sumaré;3552403
3452502;SUZANO;Suzano;3552502
3452551;SUZANAPOLIS;Suzanápolis;3552551
3452601;TABAPUA;Tabapuã;3552601
3452700;TABATINGA;Tabatinga;1304062
3452809;TABOAO DA SERRA;Taboão da Serra;3552809
3452908;TACIBA;Taciba;3552908
3453005;TAGUAI;Taguaí;3553005
3453104;TAIACU;Taiaçu;3553104
3453203;TAIUVA;Taiúva;3553203
3453302;TAMBAU;Tambaú;3553302
3453401;TANABI;Tanabi;3553401
3453500;TAPIRAI;Tapiraí;3553500
3453609;TAPIRATIBA;Tapiratiba;3553609
3453658;TAQUARAL;Taquaral;3553658
3453708;TAQUARITINGA;Taquaritinga;3553708
3453807;TAQUARITUBA;Taquarituba;3553807
3453856;TAQUARIVAI;Taquarivaí;3553856
3453906;TARABAI;Tarabai;3553906
3453955;TARUMA;Tarumã;3553955
3454003;TATUI;Tatuí;3554003
3454102;TAUBATE;Taubaté;3554102
3454201;TEJUPA;Tejupá;3554201
3454300;TEODORO SAMPAIO;Teodoro Sampaio;2931400
3454409;TERRA ROXA;Terra Roxa;4127403
3454508;TIETE;Tietê;3554508
3454607;TIMBURI;Timburi;3554607
3454656;TORRE DE PEDRA;Torre de Pedra;3554656
3454706;TORRINHA;Torrinha;3554706
3454755;TRABIJU;Trabiju;3554755
3454805;TREMEMBE;Tremembé;3554805
3454904;TRES FRONTEIRAS;Três Fronteiras;3554904
3454953;TUIUTI;Tuiuti;3554953
3455000;TUPA;Tupã;3555000
3455109;TUPI PAULISTA;Tupi Paulista;3555109
3455208;TURIUBA;Turiúba;3555208
3455307;TURMALINA;Turmalina;3555307
3455356;UBARANA;Ubarana;3555356
3455406;UBATUBA;Ubatuba;3555406
3455505;UBIRAJARA;Ubirajara;3555505
3455604;UCHOA;Uchoa;3555604
3455703;UNIAO PAULISTA;União Paulista;3555703
3455802;URANIA;Urânia;3555802
3455901;URU;Uru;3555901
3456008;URUPES;Urupês;3556008
3456107;VALENTIM GENTIL;Valentim Gentil;3556107
3456206;VALINHOS;Valinhos;3556206
3456305;VALPARAISO;Valparaíso;3556305
3456354;VARGEM;Vargem;4219150
3456404;VARGEM GRANDE DO SUL;Vargem Grande do Sul;3556404
3456453;VARGEM GRANDE PAULISTA;Vargem Grande Paulista;3556453
3456503;VARZEA PAULISTA;Várzea Paulista;3556503
3456602;VERA CRUZ;Vera Cruz;2414803
3456701;VINHEDO;Vinhedo;3556701
3456800;VIRADOURO;Viradouro;3556800
3456909;VISTA ALEGRE DO ALTO;Vista Alegre do Alto;3556909
3456958;VITORIA BRASIL;Vitória Brasil;3556958
3457006;VOTORANTIM;Votorantim;3557006
3457105;VOTUPORANGA;Votuporanga;3557105
3457154;ZACARIAS;Zacarias;3557154
3457204;CHAVANTES;Chavantes;3557204
3457303;ESTIVA GERBI;Estiva Gerbi;3557303
4100103;ABATIA;Abatiá;4100103
4100202;ADRIANOPOLIS;Adrianópolis;4100202
4100301;AGUDOS DO SUL;Agudos do Sul;4100301
4100400;ALMIRANTE TAMANDARE;Almirante Tamandaré;4100400
4100459;ALTAMIRA DO PARANA;Altamira do Paraná;4100459
4100509;ALTONIA;Altônia;4100509
4100608;ALTO PARANA;Alto Paraná;4100608
4100707;ALTO PIQUIRI;Alto Piquiri;4100707
4100806;ALVORADA DO SUL;Alvorada do Sul;4100806
4100905;AMAPORA;Amaporã;4100905
4101002;AMPERE;Ampére;4101002
4101051;ANAHY;Anahy;4101051
4101101;ANDIRA;Andirá;4101101
4101150;ANGULO;Ângulo;4101150
4101200;ANTONINA;Antonina;4101200
4101309;ANTONIO OLINTO;Antônio Olinto;4101309
4101408;APUCARANA;Apucarana;4101408
4101507;ARAPONGAS;Arapongas;4101507
4101606;ARAPOTI;Arapoti;4101606
4101655;ARAPUA;Arapuã;4101655
4101705;ARARUNA;Araruna;2501005
4101804;ARAUCARIA;Araucária;4101804
4101853;ARIRANHA DO IVAI;Ariranha do Ivaí;4101853
4101903;ASSAI;Assaí;4101903
4102000;ASSIS CHATEAUBRIAND;Assis Chateaubriand;4102000
4102109;ASTORGA;Astorga;4102109
4102208;ATALAIA;Atalaia;2700409
4102307;BALSA NOVA;Balsa Nova;4102307
4102406;BANDEIRANTES;Bandeirantes;5001508
4102505;BARBOSA FERRAZ;Barbosa Ferraz;4102505
4102604;BARRACAO;Barracão;4102604
4102703;BARRA DO JACARE;Barra do Jacaré;4102703
4102752;BELA VISTA DA CAROBA;Bela Vista da Caroba;4102752
4102802;BELA VISTA DO PARAISO;Bela Vista do Paraíso;4102802
4102901;BITURUNA;Bituruna;4102901
4103008;BOA ESPERANCA;Boa Esperança;3201001
4103024;BOA ESPERANCA DO IGUACU;Boa Esperança do Iguaçu;4103024
4127809;TOMAZINA;Tomazina;4127809
4127858;TRES BARRAS DO PARANA;Três Barras do Paraná;4127858
4127882;TUNAS DO PARANA;Tunas do Paraná;4127882
4127908;TUNEIRAS DO OESTE;Tuneiras do Oeste;4127908
4127957;TUPASSI;Tupãssi;4127957
4127965;TURVO;Turvo;4218806
4128005;UBIRATA;Ubiratã;4128005
4128104;UMUARAMA;Umuarama;4128104
4128203;UNIAO DA VITORIA;União da Vitória;4128203
4128302;UNIFLOR;Uniflor;4128302
4128401;URAI;Uraí;4128401
4128500;WENCESLAU BRAZ;Wenceslau Braz;4128500
4128534;VENTANIA;Ventania;4128534
4128559;VERA CRUZ DO OESTE;Vera Cruz do Oeste;4128559
4128609;VERE;Verê;4128609
4128625;ALTO PARAISO;Alto Paraiso;#N/D
4128633;DOUTOR ULYSSES;Doutor Ulysses;4128633
4128658;VIRMOND;Virmond;4128658
4128708;VITORINO;Vitorino;4128708
4128807;XAMBRE;Xambrê;4128807
4218301;TRES BARRAS;Três Barras;4218301
4218350;TREVISO;Treviso;4218350
4218400;TREZE DE MAIO;Treze de Maio;4218400
4218509;TREZE TILIAS;Treze Tílias;4218509
4218608;TROMBUDO CENTRAL;Trombudo Central;4218608
4218707;TUBARAO;Tubarão;4218707
4218756;TUNAPOLIS;Tunápolis;4218756
4218806;TURVO;Turvo;4218806
4218855;UNIAO DO OESTE;União do Oeste;4218855
4218905;URUBICI;Urubici;4218905
4218954;URUPEMA;Urupema;4218954
4219002;URUSSANGA;Urussanga;4219002
4219101;VARGEAO;Vargeão;4219101
4219150;VARGEM;Vargem;4219150
4219176;VARGEM BONITA;Vargem Bonita;4219176
4219200;VIDAL RAMOS;Vidal Ramos;4219200
4219309;VIDEIRA;Videira;4219309
4219358;VITOR MEIRELES;Vitor Meireles;4219358
4219408;WITMARSUM;Witmarsum;4219408
4219507;XANXERE;Xanxerê;4219507
4219606;XAVANTINA;Xavantina;4219606
4219705;XAXIM;Xaxim;4219705
4219853;ZORTEA;Zortéa;4219853
4220000;BALNEARIO RINCAO;Balneário Rincão;#N/D
4300034;ACEGUA;Aceguá;4300034
4300059;AGUA SANTA;Água Santa;4300059
4300109;AGUDO;Agudo;4300109
4300208;AJURICABA;Ajuricaba;4300208
4300307;ALECRIM;Alecrim;4300307
4300406;ALEGRETE;Alegrete;4300406
4300455;ALEGRIA;Alegria;4300455
4300471;ALMIRANTE TAMANDARE DO SUL;Almirante Tamandaré do Sul;4300471
4300505;ALPESTRE;Alpestre;4300505
4300554;ALTO ALEGRE;Alto Alegre;1400050
4300570;ALTO FELIZ;Alto Feliz;4300570
4300604;ALVORADA;Alvorada;1700707
4300638;AMARAL FERRADOR;Amaral Ferrador;4300638
4300646;AMETISTA DO SUL;Ametista do Sul;4300646
4300661;ANDRE DA ROCHA;André da Rocha;4300661
4300703;ANTA GORDA;Anta Gorda;4300703
4300802;ANTONIO PRADO;Antônio Prado;4300802
4300851;ARAMBARE;Arambaré;4300851
4300877;ARARICA;Araricá;4300877
4300901;ARATIBA;Aratiba;4300901
4301008;ARROIO DO MEIO;Arroio do Meio;4301008
4301057;ARROIO DO SAL;Arroio do Sal;4301057
4301073;ARROIO DO PADRE;Arroio do Padre;4301073
4301107;ARROIO DOS RATOS;Arroio dos Ratos;4301107
4301206;ARROIO DO TIGRE;Arroio do Tigre;4301206
4301305;ARROIO GRANDE;Arroio Grande;4301305
4301404;ARVOREZINHA;Arvorezinha;4301404
4301503;AUGUSTO PESTANA;Augusto Pestana;4301503
4301552;AUREA;Áurea;4301552
4301602;BAGE;Bagé;4301602
4301636;BALNEARIO PINHAL;Balneário Pinhal;4301636
4301651;BARAO;Barão;4301651
4301701;BARAO DE COTEGIPE;Barão de Cotegipe;4301701
4301750;BARAO DO TRIUNFO;Barão do Triunfo;4301750
4301800;BARRACAO;Barracão;4102604
4301859;BARRA DO GUARITA;Barra do Guarita;4301859
4301875;BARRA DO QUARAI;Barra do Quaraí;4301875
4301909;BARRA DO RIBEIRO;Barra do Ribeiro;4301909
4301925;BARRA DO RIO AZUL;Barra do Rio Azul;4301925
4301958;BARRA FUNDA;Barra Funda;4301958
4302006;BARROS CASSAL;Barros Cassal;4302006
4302055;BENJAMIN CONSTANT DO SUL;Benjamin Constant do Sul;4302055
4302105;BENTO GONCALVES;Bento Gonçalves;4302105
4302154;BOA VISTA DAS MISSOES;Boa Vista das Missões;4302154
4302204;BOA VISTA DO BURICA;Boa Vista do Buricá;4302204
4302220;BOA VISTA DO CADEADO;Boa Vista do Cadeado;4302220
4302238;BOA VISTA DO INCRA;Boa Vista do Incra;4302238
4302253;BOA VISTA DO SUL;Boa Vista do Sul;4302253
4302303;BOM JESUS;Bom Jesus;2401701
4302352;BOM PRINCIPIO;Bom Princípio;4302352
4302378;BOM PROGRESSO;Bom Progresso;4302378
4302402;BOM RETIRO DO SUL;Bom Retiro do Sul;4302402
4302451;BOQUEIRAO DO LEAO;Boqueirão do Leão;4302451
4302501;BOSSOROCA;Bossoroca;4302501
4302584;BOZANO;Bozano;4302584
4302600;BRAGA;Braga;4302600
4302659;BROCHIER;Brochier;4302659
4302709;BUTIA;Butiá;4302709
4302808;CACAPAVA DO SUL;Caçapava do Sul;4302808
3129905;IBITIURA DE MINAS;Ibitiúra de Minas;3129905
3130002;IBITURUNA;Ibituruna;3130002
3130051;ICARAI DE MINAS;Icaraí de Minas;3130051
3130101;IGARAPE;Igarapé;3130101
3130200;IGARATINGA;Igaratinga;3130200
3130309;IGUATAMA;Iguatama;3130309
3130408;IJACI;Ijaci;3130408
3130507;ILICINEA;Ilicínea;3130507
3130556;IMBE DE MINAS;Imbé de Minas;3130556
3130606;INCONFIDENTES;Inconfidentes;3130606
3130655;INDAIABIRA;Indaiabira;3130655
3130705;INDIANOPOLIS;Indianópolis;4110409
3130804;INGAI;Ingaí;3130804
3130903;INHAPIM;Inhapim;3130903
3131000;INHAUMA;Inhaúma;3131000
3131109;INIMUTABA;Inimutaba;3131109
3131158;IPABA;Ipaba;3131158
3131208;IPANEMA;Ipanema;3131208
3131307;IPATINGA;Ipatinga;3131307
3131406;IPIACU;Ipiaçu;3131406
3131505;IPUIUNA;Ipuiúna;3131505
3131604;IRAI DE MINAS;Iraí de Minas;3131604
3131703;ITABIRA;Itabira;3131703
3131802;ITABIRINHA;Itabirinha;3131802
3131901;ITABIRITO;Itabirito;3131901
3132008;ITACAMBIRA;Itacambira;3132008
3132107;ITACARAMBI;Itacarambi;3132107
3132206;ITAGUARA;Itaguara;3132206
3132305;ITAIPE;Itaipé;3132305
3132404;ITAJUBA;Itajubá;3132404
3132503;ITAMARANDIBA;Itamarandiba;3132503
3132602;ITAMARATI DE MINAS;Itamarati de Minas;3132602
3132701;ITAMBACURI;Itambacuri;3132701
3132800;ITAMBE DO MATO DENTRO;Itambé do Mato Dentro;3132800
3132909;ITAMOGI;Itamogi;3132909
3133006;ITAMONTE;Itamonte;3133006
3133105;ITANHANDU;Itanhandu;3133105
3133204;ITANHOMI;Itanhomi;3133204
3133303;ITAOBIM;Itaobim;3133303
3133402;ITAPAGIPE;Itapagipe;3133402
3133501;ITAPECERICA;Itapecerica;3133501
3133600;ITAPEVA;Itapeva;3522406
3133709;ITATIAIUCU;Itatiaiuçu;3133709
3133758;ITAU DE MINAS;Itaú de Minas;3133758
3133808;ITAUNA;Itaúna;3133808
3133907;ITAVERAVA;Itaverava;3133907
3134004;ITINGA;Itinga;3134004
3134103;ITUETA;Itueta;3134103
3134202;ITUIUTABA;Ituiutaba;3134202
3134301;ITUMIRIM;Itumirim;3134301
3134400;ITURAMA;Iturama;3134400
3134509;ITUTINGA;Itutinga;3134509
3134608;JABOTICATUBAS;Jaboticatubas;3134608
3134707;JACINTO;Jacinto;3134707
3134806;JACUI;Jacuí;3134806
3134905;JACUTINGA;Jacutinga;4310900
3135001;JAGUARACU;Jaguaraçu;3135001
3135050;JAIBA;Jaíba;3135050
3135076;JAMPRUCA;Jampruca;3135076
3135100;JANAUBA;Janaúba;3135100
3135209;JANUARIA;Januária;3135209
3135308;JAPARAIBA;Japaraíba;3135308
3135357;JAPONVAR;Japonvar;3135357
3135407;JECEABA;Jeceaba;3135407
3135456;JENIPAPO DE MINAS;Jenipapo de Minas;3135456
3135506;JEQUERI;Jequeri;3135506
3135605;JEQUITAI;Jequitaí;3135605
3135704;JEQUITIBA;Jequitibá;3135704
3135803;JEQUITINHONHA;Jequitinhonha;3135803
3135902;JESUANIA;Jesuânia;3135902
3136009;JOAIMA;Joaíma;3136009
3136108;JOANESIA;Joanésia;3136108
3136207;JOAO MONLEVADE;João Monlevade;3136207
3136306;JOAO PINHEIRO;João Pinheiro;3136306
3136405;JOAQUIM FELICIO;Joaquim Felício;3136405
3136504;JORDANIA;Jordânia;3136504
3136520;JOSE GONCALVES DE MINAS;José Gonçalves de Minas;3136520
3136553;JOSE RAYDAN;José Raydan;3136553
3136579;JOSENOPOLIS;Josenópolis;3136579
3136603;NOVA UNIAO;Nova União;1101435
3136652;JUATUBA;Juatuba;3136652
3136702;JUIZ DE FORA;Juiz de Fora;3136702
3136801;JURAMENTO;Juramento;3136801
3136900;JURUAIA;Juruaia;3136900
3136959;JUVENILIA;Juvenília;3136959
3137007;LADAINHA;Ladainha;3137007
3137106;LAGAMAR;Lagamar;3137106
3137205;LAGOA DA PRATA;Lagoa da Prata;3137205
3137304;LAGOA DOS PATOS;Lagoa dos Patos;3137304
3137403;LAGOA DOURADA;Lagoa Dourada;3137403
3137502;LAGOA FORMOSA;Lagoa Formosa;3137502
3137536;LAGOA GRANDE;Lagoa Grande;2608750
3137601;LAGOA SANTA;Lagoa Santa;5212253
3137700;LAJINHA;Lajinha;3137700
3137809;LAMBARI;Lambari;3137809
3137908;LAMIM;Lamim;3137908
3138005;LARANJAL;Laranjal;4113254
3138104;LASSANCE;Lassance;3138104
3138203;LAVRAS;Lavras;3138203
3138302;LEANDRO FERREIRA;Leandro Ferreira;3138302
3138351;LEME DO PRADO;Leme do Prado;3138351
3138401;LEOPOLDINA;Leopoldina;3138401
3138500;LIBERDADE;Liberdade;3138500
3138609;LIMA DUARTE;Lima Duarte;3138609
3138625;LIMEIRA DO OESTE;Limeira do Oeste;3138625
3138658;LONTRA;Lontra;3138658
3138674;LUISBURGO;Luisburgo;3138674
3138682;LUISLANDIA;Luislândia;3138682
3138708;LUMINARIAS;Luminárias;3138708
3138807;LUZ;Luz;3138807
3138906;MACHACALIS;Machacalis;3138906
3139003;MACHADO;Machado;3139003
3139102;MADRE DE DEUS DE MINAS;Madre de Deus de Minas;3139102
3139201;MALACACHETA;Malacacheta;3139201
3139250;MAMONAS;Mamonas;3139250
3139300;MANGA;Manga;3139300
3139409;MANHUACU;Manhuaçu;3139409
3139508;MANHUMIRIM;Manhumirim;3139508
3139607;MANTENA;Mantena;3139607
3139706;MARAVILHAS;Maravilhas;3139706
3139805;MAR DE ESPANHA;Mar de Espanha;3139805
3139904;MARIA DA FE;Maria da Fé;3139904
3140001;MARIANA;Mariana;3140001
3140100;MARILAC;Marilac;3140100
3140159;MARIO CAMPOS;Mário Campos;3140159
3140209;MARIPA DE MINAS;Maripá de Minas;3140209
3140308;MARLIERIA;Marliéria;3140308
3140407;MARMELOPOLIS;Marmelópolis;3140407
3140506;MARTINHO CAMPOS;Martinho Campos;3140506
3140530;MARTINS SOARES;Martins Soares;3140530
3140555;MATA VERDE;Mata Verde;3140555
3140605;MATERLANDIA;Materlândia;3140605
3140704;MATEUS LEME;Mateus Leme;3140704
3140803;MATIAS BARBOSA;Matias Barbosa;3140803
3140852;MATIAS CARDOSO;Matias Cardoso;3140852
3140902;MATIPO;Matipó;3140902
3141009;MATO VERDE;Mato Verde;3141009
3141108;MATOZINHOS;Matozinhos;3141108
3403356;ARCO-IRIS;Arco-Íris;3503356
3403406;AREALVA;Arealva;3503406
3403505;AREIAS;Areias;3503505
3403604;AREIOPOLIS;Areiópolis;3503604
3403703;ARIRANHA;Ariranha;3503703
3403802;ARTUR NOGUEIRA;Artur Nogueira;3503802
3403901;ARUJA;Arujá;3503901
3403950;ASPASIA;Aspásia;3503950
3404008;ASSIS;Assis;3504008
3404107;ATIBAIA;Atibaia;3504107
3404206;AURIFLAMA;Auriflama;3504206
3404305;AVAI;Avaí;3504305
3404404;AVANHANDAVA;Avanhandava;3504404
3404503;AVARE;Avaré;3504503
3404602;BADY BASSITT;Bady Bassitt;3504602
3404701;BALBINOS;Balbinos;3504701
3404800;BALSAMO;Bálsamo;3504800
3404909;BANANAL;Bananal;3504909
3405005;BARAO DE ANTONINA;Barão de Antonina;3505005
3405104;BARBOSA;Barbosa;3505104
3405203;BARIRI;Bariri;3505203
3405302;BARRA BONITA;Barra Bonita;4202099
3405351;BARRA DO CHAPEU;Barra do Chapéu;3505351
3405401;BARRA DO TURVO;Barra do Turvo;3505401
3405500;BARRETOS;Barretos;3505500
3405609;BARRINHA;Barrinha;3505609
3405708;BARUERI;Barueri;3505708
3405807;BASTOS;Bastos;3505807
3405906;BATATAIS;Batatais;3505906
3406003;BAURU;Bauru;3506003
3406102;BEBEDOURO;Bebedouro;3506102
3406201;BENTO DE ABREU;Bento de Abreu;3506201
3406300;BERNARDINO DE CAMPOS;Bernardino de Campos;3506300
3406359;BERTIOGA;Bertioga;3506359
3406409;BILAC;Bilac;3506409
3406508;BIRIGUI;Birigui;3506508
3406607;BIRITIBA-MIRIM;Biritiba-Mirim;3506607
3406706;BOA ESPERANCA DO SUL;Boa Esperança do Sul;3506706
3406805;BOCAINA;Bocaina;2201804
3406904;BOFETE;Bofete;3506904
3407001;BOITUVA;Boituva;3507001
3407100;BOM JESUS DOS PERDOES;Bom Jesus dos Perdões;3507100
3407159;BOM SUCESSO DE ITARARE;Bom Sucesso de Itararé;3507159
3407209;BORA;Borá;3507209
3407308;BORACEIA;Boracéia;3507308
3407407;BORBOREMA;Borborema;2502706
3407456;BOREBI;Borebi;3507456
3407506;BOTUCATU;Botucatu;3507506
3407605;BRAGANCA PAULISTA;Bragança Paulista;3507605
3407704;BRAUNA;Braúna;3507704
3407753;BREJO ALEGRE;Brejo Alegre;3507753
3407803;BRODOWSKI;Brodowski;3507803
3407902;BROTAS;Brotas;3507902
3408009;BURI;Buri;3508009
3408108;BURITAMA;Buritama;3508108
3408207;BURITIZAL;Buritizal;3508207
3408306;CABRALIA PAULISTA;Cabrália Paulista;3508306
3408405;CABREUVA;Cabreúva;3508405
3408504;CACAPAVA;Caçapava;3508504
3408603;CACHOEIRA PAULISTA;Cachoeira Paulista;3508603
3408702;CACONDE;Caconde;3508702
3408801;CAFELANDIA;Cafelândia;4103453
3408900;CAIABU;Caiabu;3508900
3409007;CAIEIRAS;Caieiras;3509007
3409106;CAIUA;Caiuá;3509106
3409205;CAJAMAR;Cajamar;3509205
3409254;CAJATI;Cajati;3509254
3409304;CAJOBI;Cajobi;3509304
3409403;CAJURU;Cajuru;3509403
3409452;CAMPINA DO MONTE ALEGRE;Campina do Monte Alegre;3509452
3409502;CAMPINAS;Campinas;3509502
3409601;CAMPO LIMPO PAULISTA;Campo Limpo Paulista;3509601
3409700;CAMPOS DO JORDAO;Campos do Jordão;3509700
3409809;CAMPOS NOVOS PAULISTA;Campos Novos Paulista;3509809
3409908;CANANEIA;Cananéia;3509908
3409957;CANAS;Canas;3509957
3410005;CANDIDO MOTA;Cândido Mota;3510005
3410104;CANDIDO RODRIGUES;Cândido Rodrigues;3510104
3410153;CANITAR;Canitar;3510153
3410203;CAPAO BONITO;Capão Bonito;3510203
3410302;CAPELA DO ALTO;Capela do Alto;3510302
3410401;CAPIVARI;Capivari;3510401
3410500;CARAGUATATUBA;Caraguatatuba;3510500
3410609;CARAPICUIBA;Carapicuíba;3510609
3410708;CARDOSO;Cardoso;3510708
3410807;CASA BRANCA;Casa Branca;3510807
3410906;CASSIA DOS COQUEIROS;Cássia dos Coqueiros;3510906
3411003;CASTILHO;Castilho;3511003
3411102;CATANDUVA;Catanduva;3511102
3411201;CATIGUA;Catiguá;3511201
3411300;CEDRAL;Cedral;2103109
3411409;CERQUEIRA CESAR;Cerqueira César;3511409
3411508;CERQUILHO;Cerquilho;3511508
3411607;CESARIO LANGE;Cesário Lange;3511607
3411706;CHARQUEADA;Charqueada;3511706
3411904;CLEMENTINA;Clementina;3511904
3412001;COLINA;Colina;3512001
3412100;COLOMBIA;Colômbia;3512100
3412209;CONCHAL;Conchal;3512209
3412308;CONCHAS;Conchas;3512308
3412407;CORDEIROPOLIS;Cordeirópolis;3512407
3412506;COROADOS;Coroados;3512506
3412605;CORONEL MACEDO;Coronel Macedo;3512605
3412704;CORUMBATAI;Corumbataí;3512704
3412803;COSMOPOLIS;Cosmópolis;3512803
3412902;COSMORAMA;Cosmorama;3512902
3413009;COTIA;Cotia;3513009
3413108;CRAVINHOS;Cravinhos;3513108
3413207;CRISTAIS PAULISTA;Cristais Paulista;3513207
3413306;CRUZALIA;Cruzália;3513306
3413405;CRUZEIRO;Cruzeiro;3513405
3413504;CUBATAO;Cubatão;3513504
3413603;CUNHA;Cunha;3513603
3413702;DESCALVADO;Descalvado;3513702
3413801;DIADEMA;Diadema;3513801
3413850;DIRCE REIS;Dirce Reis;3513850
3413900;DIVINOLANDIA;Divinolândia;3513900
3414007;DOBRADA;Dobrada;3514007
3414106;DOIS CORREGOS;Dois Córregos;3514106
3414205;DOLCINOPOLIS;Dolcinópolis;3514205
3414304;DOURADO;Dourado;3514304
3414403;DRACENA;Dracena;3514403
3414502;DUARTINA;Duartina;3514502
3414601;DUMONT;Dumont;3514601
3414700;ECHAPORA;Echaporã;3514700
3414809;ELDORADO;Eldorado;5003751
3414908;ELIAS FAUSTO;Elias Fausto;3514908
3414924;ELISIARIO;Elisiário;3514924
3414957;EMBAUBA;Embaúba;3514957
3415004;EMBU;Embu;3515004
3415103;EMBU-GUACU;Embu-Guaçu;3515103
3415129;EMILIANOPOLIS;Emilianópolis;3515129
3415152;ENGENHEIRO COELHO;Engenheiro Coelho;3515152
3415186;ESPIRITO SANTO DO PINHAL;Espírito Santo do Pinhal;3515186
3415194;ESPIRITO SANTO DO TURVO;Espírito Santo do Turvo;3515194
3415202;ESTRELA D'OESTE;Estrela d'Oeste;3515202
3415301;ESTRELA DO NORTE;Estrela do Norte;5207501
3415350;EUCLIDES DA CUNHA PAULISTA;Euclides da Cunha Paulista;3515350
3415400;FARTURA;Fartura;3515400
3415509;FERNANDOPOLIS;Fernandópolis;3515509
3415608;FERNANDO PRESTES;Fernando Prestes;3515608
3415657;FERNAO;Fernão;3515657
3415707;FERRAZ DE VASCONCELOS;Ferraz de Vasconcelos;3515707
3415806;FLORA RICA;Flora Rica;3515806
3415905;FLOREAL;Floreal;3515905
3416002;FLORIDA PAULISTA;Flórida Paulista;3516002
3416101;FLORINIA;Florínia;3516101
3416200;FRANCA;Franca;3516200
3416309;FRANCISCO MORATO;Francisco Morato;3516309
3416408;FRANCO DA ROCHA;Franco da Rocha;3516408
3416507;GABRIEL MONTEIRO;Gabriel Monteiro;3516507
3416606;GALIA;Gália;3516606
3416705;GARCA;Garça;3516705
3416804;GASTAO VIDIGAL;Gastão Vidigal;3516804
3416853;GAVIAO PEIXOTO;Gavião Peixoto;3516853
3416903;GENERAL SALGADO;General Salgado;3516903
3417000;GETULINA;Getulina;3517000
3417109;GLICERIO;Glicério;3517109
3417208;GUAICARA;Guaiçara;3517208
3417307;GUAIMBE;Guaimbê;3517307
3417406;GUAIRA;Guaíra;4108809
3417505;GUAPIACU;Guapiaçu;3517505
3417604;GUAPIARA;Guapiara;3517604
3417703;GUARA;Guará;3517703
3417802;GUARACAI;Guaraçaí;3517802
3417901;GUARACI;Guaraci;4109203
3418008;GUARANI D'OESTE;Guarani d'Oeste;3518008
3418107;GUARANTA;Guarantã;3518107
3418206;GUARARAPES;Guararapes;3518206
3418305;GUARAREMA;Guararema;3518305
3418404;GUARATINGUETA;Guaratinguetá;3518404
3418503;GUAREI;Guareí;3518503
3418602;GUARIBA;Guariba;3518602
3418701;GUARUJA;Guarujá;3518701
3418800;GUARULHOS;Guarulhos;3518800
3418859;GUATAPARA;Guatapará;3518859
3418909;GUZOLANDIA;Guzolândia;3518909
3419006;HERCULANDIA;Herculândia;3519006
3419055;HOLAMBRA;Holambra;3519055
3419071;HORTOLANDIA;Hortolândia;3519071
3419105;IACANGA;Iacanga;3519105
3419204;IACRI;Iacri;3519204
3419253;IARAS;Iaras;3519253
3419303;IBATE;Ibaté;3519303
3419402;IBIRA;Ibirá;3519402
3419501;IBIRAREMA;Ibirarema;3519501
3419600;IBITINGA;Ibitinga;3519600
3419709;IBIUNA;Ibiúna;3519709
3419808;ICEM;Icém;3519808
3419907;IEPE;Iepê;3519907
3420004;IGARACU DO TIETE;Igaraçu do Tietê;3520004
4216701;SAO JOSE DO CEDRO;São José do Cedro;4216701
4216800;SAO JOSE DO CERRITO;São José do Cerrito;4216800
4216909;SAO LOURENCO DO OESTE;São Lourenço do Oeste;4216909
4217006;SAO LUDGERO;São Ludgero;4217006
4217105;SAO MARTINHO;São Martinho;4217105
4217154;SAO MIGUEL DA BOA VISTA;São Miguel da Boa Vista;4217154
4217204;SAO MIGUEL DO OESTE;São Miguel do Oeste;4217204
4217253;SAO PEDRO DE ALCANTARA;São Pedro de Alcântara;4217253
4217303;SAUDADES;Saudades;4217303
4217402;SCHROEDER;Schroeder;4217402
4217501;SEARA;Seara;4217501
4217550;SERRA ALTA;Serra Alta;4217550
4217600;SIDEROPOLIS;Siderópolis;4217600
4217709;SOMBRIO;Sombrio;4217709
4217758;SUL BRASIL;Sul Brasil;4217758
4217808;TAIO;Taió;4217808
4217907;TANGARA;Tangará;2414001
4217956;TIGRINHOS;Tigrinhos;4217956
4218004;TIJUCAS;Tijucas;4218004
4218103;TIMBE DO SUL;Timbé do Sul;4218103
4218202;TIMBO;Timbó;4218202
4218251;TIMBO GRANDE;Timbó Grande;4218251
5104542;ITANHANGA;Itanhangá;5104542
5100201;AGUA BOA;Água Boa;5100201
5100250;ALTA FLORESTA;Alta Floresta;5100250
5100300;ALTO ARAGUAIA;Alto Araguaia;5100300
5100359;ALTO BOA VISTA;Alto Boa Vista;5100359
5100409;ALTO GARCAS;Alto Garças;5100409
5100508;ALTO PARAGUAI;Alto Paraguai;5100508
5100607;ALTO TAQUARI;Alto Taquari;5100607
5100805;APIACAS;Apiacás;5100805
5101001;ARAGUAIANA;Araguaiana;5101001
5101209;ARAGUAINHA;Araguainha;5101209
5101258;ARAPUTANGA;Araputanga;5101258
5101308;ARENAPOLIS;Arenápolis;5101308
5101407;ARIPUANA;Aripuanã;5101407
5101605;BARAO DE MELGACO;Barão de Melgaço;5101605
5101704;BARRA DO BUGRES;Barra do Bugres;5101704
5101803;BARRA DO GARCAS;Barra do Garças;5101803
5101852;BOM JESUS DO ARAGUAIA;Bom Jesus do Araguaia;5101852
5101902;BRASNORTE;Brasnorte;5101902
5102504;CACERES;Cáceres;5102504
5102603;CAMPINAPOLIS;Campinápolis;5102603
5102637;CAMPO NOVO DO PARECIS;Campo Novo do Parecis;5102637
5102678;CAMPO VERDE;Campo Verde;5102678
5102686;CAMPOS DE JULIO;Campos de Júlio;5102686
5102694;CANABRAVA DO NORTE;Canabrava do Norte;5102694
5102702;CANARANA;Canarana;5102702
5102793;CARLINDA;Carlinda;5102793
5102850;CASTANHEIRA;Castanheira;5102850
5103007;CHAPADA DOS GUIMARAES;Chapada dos Guimarães;5103007
5103056;CLAUDIA;Cláudia;5103056
5103106;COCALINHO;Cocalinho;5103106
5103205;COLIDER;Colíder;5103205
5103254;COLNIZA;Colniza;5103254
5103304;COMODORO;Comodoro;5103304
5103353;CONFRESA;Confresa;5103353
5103361;CONQUISTA D'OESTE;Conquista D'Oeste;5103361
5103379;COTRIGUACU;Cotriguaçu;5103379
5103403;CUIABA;Cuiabá;5103403
5103437;CURVELANDIA;Curvelândia;5103437
5103452;DENISE;Denise;5103452
5103502;DIAMANTINO;Diamantino;5103502
5103601;DOM AQUINO;Dom Aquino;5103601
5103700;FELIZ NATAL;Feliz Natal;5103700
5103809;FIGUEIROPOLIS D'OESTE;Figueirópolis D'Oeste;5103809
5103858;GAUCHA DO NORTE;Gaúcha do Norte;5103858
5103908;GENERAL CARNEIRO;General Carneiro;5103908
5103957;GLORIA D'OESTE;Glória D'Oeste;5103957
5104104;GUARANTA DO NORTE;Guarantã do Norte;5104104
5104203;GUIRATINGA;Guiratinga;5104203
5104500;INDIAVAI;Indiavaí;5104500
5104559;ITAUBA;Itaúba;5104559
5104609;ITIQUIRA;Itiquira;5104609
5104807;JACIARA;Jaciara;5104807
5104906;JANGADA;Jangada;5104906
5105002;JAURU;Jauru;5105002
5105101;JUARA;Juara;5105101
5105150;JUINA;Juína;5105150
5105176;JURUENA;Juruena;5105176
5105200;JUSCIMEIRA;Juscimeira;5105200
5105234;LAMBARI D'OESTE;Lambari D'Oeste;5105234
5105259;LUCAS DO RIO VERDE;Lucas do Rio Verde;5105259
5105309;LUCIARA;Luciára;5105309
5105507;VILA BELA DA SANTISSIMA TRINDADE;Vila Bela da Santíssima Trindade;5105507
5105580;MARCELANDIA;Marcelândia;5105580
5105606;MATUPA;Matupá;5105606
5105622;MIRASSOL D'OESTE;Mirassol d'Oeste;5105622
5105903;NOBRES;Nobres;5105903
5106000;NORTELANDIA;Nortelândia;5106000
5106109;NOSSA SENHORA DO LIVRAMENTO;Nossa Senhora do Livramento;5106109
5106158;NOVA BANDEIRANTES;Nova Bandeirantes;5106158
5106174;NOVA NAZARE;Nova Nazaré;5106174
5106182;NOVA LACERDA;Nova Lacerda;5106182
5106190;NOVA SANTA HELENA;Nova Santa Helena;5106190
5106208;NOVA BRASILANDIA;Nova Brasilândia;5106208
5106216;NOVA CANAA DO NORTE;Nova Canaã do Norte;5106216
5106224;NOVA MUTUM;Nova Mutum;5106224
5106232;NOVA OLIMPIA;Nova Olímpia;5106232
5106240;NOVA UBIRATA;Nova Ubiratã;5106240
5106257;NOVA XAVANTINA;Nova Xavantina;5106257
3442602;REGISTRO;Registro;3542602
3442701;RESTINGA;Restinga;3542701
3442800;RIBEIRA;Ribeira;3542800
3442909;RIBEIRAO BONITO;Ribeirão Bonito;3542909
3443006;RIBEIRAO BRANCO;Ribeirão Branco;3543006
3443105;RIBEIRAO CORRENTE;Ribeirão Corrente;3543105
3443204;RIBEIRAO DO SUL;Ribeirão do Sul;3543204
3443238;RIBEIRAO DOS INDIOS;Ribeirão dos Índios;3543238
3443253;RIBEIRAO GRANDE;Ribeirão Grande;3543253
3443303;RIBEIRAO PIRES;Ribeirão Pires;3543303
3443402;RIBEIRAO PRETO;Ribeirão Preto;3543402
3443501;RIVERSUL;Riversul;3543501
3443600;RIFAINA;Rifaina;3543600
3443709;RINCAO;Rincão;3543709
3443808;RINOPOLIS;Rinópolis;3543808
3443907;RIO CLARO;Rio Claro;3304409
3444004;RIO DAS PEDRAS;Rio das Pedras;3544004
3444103;RIO GRANDE DA SERRA;Rio Grande da Serra;3544103
3444202;RIOLANDIA;Riolândia;3544202
3444251;ROSANA;Rosana;3544251
3444301;ROSEIRA;Roseira;3544301
3444400;RUBIACEA;Rubiácea;3544400
3444509;RUBINEIA;Rubinéia;3544509
3444608;SABINO;Sabino;3544608
3444707;SAGRES;Sagres;3544707
3444806;SALES;Sales;3544806
3444905;SALES OLIVEIRA;Sales Oliveira;3544905
3445001;SALESOPOLIS;Salesópolis;3545001
3445100;SALMOURAO;Salmourão;3545100
3445159;SALTINHO;Saltinho;4215356
3445209;SALTO;Salto;3545209
3445308;SALTO DE PIRAPORA;Salto de Pirapora;3545308
3445407;SALTO GRANDE;Salto Grande;3545407
3445506;SANDOVALINA;Sandovalina;3545506
3445605;SANTA ADELIA;Santa Adélia;3545605
3445704;SANTA ALBERTINA;Santa Albertina;3545704
3445803;SANTA BARBARA D'OESTE;Santa Bárbara d'Oeste;3545803
3446009;SANTA BRANCA;Santa Branca;3546009
3446108;SANTA CLARA D'OESTE;Santa Clara d'Oeste;3546108
3446207;SANTA CRUZ DA CONCEICAO;Santa Cruz da Conceição;3546207
3446256;SANTA CRUZ DA ESPERANCA;Santa Cruz da Esperança;3546256
3446306;SANTA CRUZ DAS PALMEIRAS;Santa Cruz das Palmeiras;3546306
3446405;SANTA CRUZ DO RIO PARDO;Santa Cruz do Rio Pardo;3546405
3446504;SANTA ERNESTINA;Santa Ernestina;3546504
3446603;SANTA FE DO SUL;Santa Fé do Sul;3546603
3446702;SANTA GERTRUDES;Santa Gertrudes;3546702
3446801;SANTA ISABEL;Santa Isabel;5219357
3169406;TRES PONTAS;Três Pontas;3169406
3169505;TUMIRITINGA;Tumiritinga;3169505
3169604;TUPACIGUARA;Tupaciguara;3169604
3169703;TURMALINA;Turmalina;3555307
3169802;TURVOLANDIA;Turvolândia;3169802
3169901;UBA;Ubá;3169901
3170008;UBAI;Ubaí;3170008
3170057;UBAPORANGA;Ubaporanga;3170057
3170107;UBERABA;Uberaba;3170107
3170206;UBERLANDIA;Uberlândia;3170206
3170305;UMBURATIBA;Umburatiba;3170305
3170404;UNAI;Unaí;3170404
3170438;UNIAO DE MINAS;União de Minas;3170438
3170479;URUANA DE MINAS;Uruana de Minas;3170479
3170503;URUCANIA;Urucânia;3170503
3170529;URUCUIA;Urucuia;3170529
3170578;VARGEM ALEGRE;Vargem Alegre;3170578
3170602;VARGEM BONITA;Vargem Bonita;4219176
3170651;VARGEM GRANDE DO RIO PARDO;Vargem Grande do Rio Pardo;3170651
3170701;VARGINHA;Varginha;3170701
3170750;VARJAO DE MINAS;Varjão de Minas;3170750
3170800;VARZEA DA PALMA;Várzea da Palma;3170800
3170909;VARZELANDIA;Varzelândia;3170909
3171006;VAZANTE;Vazante;3171006
3171030;VERDELANDIA;Verdelândia;3171030
3171071;VEREDINHA;Veredinha;3171071
3171105;VERISSIMO;Veríssimo;3171105
3171154;VERMELHO NOVO;Vermelho Novo;3171154
3171204;VESPASIANO;Vespasiano;3171204
3171303;VICOSA;Viçosa;2709400
3171402;VIEIRAS;Vieiras;3171402
3171501;MATHIAS LOBATO;Mathias Lobato;3171501
3171600;VIRGEM DA LAPA;Virgem da Lapa;3171600
3171709;VIRGINIA;Virgínia;3171709
3171808;VIRGINOPOLIS;Virginópolis;3171808
3171907;VIRGOLANDIA;Virgolândia;3171907
3172004;VISCONDE DO RIO BRANCO;Visconde do Rio Branco;3172004
3172103;VOLTA GRANDE;Volta Grande;3172103
3172202;WENCESLAU BRAZ;Wenceslau Braz;4128500
3200102;AFONSO CLAUDIO;Afonso Cláudio;3200102
3200136;AGUIA BRANCA;Águia Branca;3200136
3200169;AGUA DOCE DO NORTE;Água Doce do Norte;3200169
3200201;ALEGRE;Alegre;3200201
3200300;ALFREDO CHAVES;Alfredo Chaves;3200300
3200359;ALTO RIO NOVO;Alto Rio Novo;3200359
3200409;ANCHIETA;Anchieta;3200409
3200508;APIACA;Apiacá;3200508
3200607;ARACRUZ;Aracruz;3200607
3200706;ATILIO VIVACQUA;Atilio Vivacqua;3200706
3200805;BAIXO GUANDU;Baixo Guandu;3200805
3200904;BARRA DE SAO FRANCISCO;Barra de São Francisco;3200904
3201001;BOA ESPERANCA;Boa Esperança;3201001
3201100;BOM JESUS DO NORTE;Bom Jesus do Norte;3201100
3201159;BREJETUBA;Brejetuba;3201159
3201209;CACHOEIRO DE ITAPEMIRIM;Cachoeiro de Itapemirim;3201209
3201308;CARIACICA;Cariacica;3201308
3201407;CASTELO;Castelo;3201407
3201506;COLATINA;Colatina;3201506
3201605;CONCEICAO DA BARRA;Conceição da Barra;3201605
3201704;CONCEICAO DO CASTELO;Conceição do Castelo;3201704
3201803;DIVINO DE SAO LOURENCO;Divino de São Lourenço;3201803
3201902;DOMINGOS MARTINS;Domingos Martins;3201902
3202009;DORES DO RIO PRETO;Dores do Rio Preto;3202009
3202108;ECOPORANGA;Ecoporanga;3202108
3202207;FUNDAO;Fundão;3202207
3202256;GOVERNADOR LINDENBERG;Governador Lindenberg;3202256
3202306;GUACUI;Guaçuí;3202306
3202405;GUARAPARI;Guarapari;3202405
3202454;IBATIBA;Ibatiba;3202454
3202504;IBIRACU;Ibiraçu;3202504
3202553;IBITIRAMA;Ibitirama;3202553
3202603;ICONHA;Iconha;3202603
3202652;IRUPI;Irupi;3202652
3202702;ITAGUACU;Itaguaçu;3202702
3202801;ITAPEMIRIM;Itapemirim;3202801
4103040;BOA VENTURA DE SAO ROQUE;Boa Ventura de São Roque;4103040
4103057;BOA VISTA DA APARECIDA;Boa Vista da Aparecida;4103057
4103107;BOCAIUVA DO SUL;Bocaiúva do Sul;4103107
4103156;BOM JESUS DO SUL;Bom Jesus do Sul;4103156
4103206;BOM SUCESSO;Bom Sucesso;2502300
4103222;BOM SUCESSO DO SUL;Bom Sucesso do Sul;4103222
4103305;BORRAZOPOLIS;Borrazópolis;4103305
4103354;BRAGANEY;Braganey;4103354
4103370;BRASILANDIA DO SUL;Brasilândia do Sul;4103370
4103404;CAFEARA;Cafeara;4103404
4103453;CAFELANDIA;Cafelândia;4103453
4103479;CAFEZAL DO SUL;Cafezal do Sul;4103479
4103503;CALIFORNIA;Califórnia;4103503
4103602;CAMBARA;Cambará;4103602
4103701;CAMBE;Cambé;4103701
4103800;CAMBIRA;Cambira;4103800
4103909;CAMPINA DA LAGOA;Campina da Lagoa;4103909
4103958;CAMPINA DO SIMAO;Campina do Simão;4103958
4104006;CAMPINA GRANDE DO SUL;Campina Grande do Sul;4104006
4104055;CAMPO BONITO;Campo Bonito;4104055
4104105;CAMPO DO TENENTE;Campo do Tenente;4104105
4104204;CAMPO LARGO;Campo Largo;4104204
4104253;CAMPO MAGRO;Campo Magro;4104253
4104303;CAMPO MOURAO;Campo Mourão;4104303
4104402;CANDIDO DE ABREU;Cândido de Abreu;4104402
4104428;CANDOI;Candói;4104428
4104451;CANTAGALO;Cantagalo;3301108
4104501;CAPANEMA;Capanema;1502202
4104600;CAPITAO LEONIDAS MARQUES;Capitão Leônidas Marques;4104600
4104659;CARAMBEI;Carambeí;4104659
4104709;CARLOPOLIS;Carlópolis;4104709
4104808;CASCAVEL;Cascavel;2303501
4104907;CASTRO;Castro;4104907
4105003;CATANDUVAS;Catanduvas;4204004
4105102;CENTENARIO DO SUL;Centenário do Sul;4105102
4105201;CERRO AZUL;Cerro Azul;4105201
4105300;CEU AZUL;Céu Azul;4105300
4105409;CHOPINZINHO;Chopinzinho;4105409
4105508;CIANORTE;Cianorte;4105508
4105607;CIDADE GAUCHA;Cidade Gaúcha;4105607
4105706;CLEVELANDIA;Clevelândia;4105706
4105805;COLOMBO;Colombo;4105805
4105904;COLORADO;Colorado;4105904
4106001;CONGONHINHAS;Congonhinhas;4106001
4106100;CONSELHEIRO MAIRINCK;Conselheiro Mairinck;4106100
4106209;CONTENDA;Contenda;4106209
4106308;CORBELIA;Corbélia;4106308
4106407;CORNELIO PROCOPIO;Cornélio Procópio;4106407
4106456;CORONEL DOMINGOS SOARES;Coronel Domingos Soares;4106456
4106506;CORONEL VIVIDA;Coronel Vivida;4106506
4106555;CORUMBATAI DO SUL;Corumbataí do Sul;4106555
4106571;CRUZEIRO DO IGUACU;Cruzeiro do Iguaçu;4106571
4106605;CRUZEIRO DO OESTE;Cruzeiro do Oeste;4106605
4106704;CRUZEIRO DO SUL;Cruzeiro do Sul;1200203
4106803;CRUZ MACHADO;Cruz Machado;4106803
4106852;CRUZMALTINA;Cruzmaltina;4106852
4106902;CURITIBA;Curitiba;4106902
4107009;CURIUVA;Curiúva;4107009
4107108;DIAMANTE DO NORTE;Diamante do Norte;4107108
4107124;DIAMANTE DO SUL;Diamante do Sul;4107124
4107157;DIAMANTE D'OESTE;Diamante D'Oeste;4107157
4107207;DOIS VIZINHOS;Dois Vizinhos;4107207
4107256;DOURADINA;Douradina;5003504
4107306;DOUTOR CAMARGO;Doutor Camargo;4107306
4107405;ENEAS MARQUES;Enéas Marques;4107405
4107504;ENGENHEIRO BELTRAO;Engenheiro Beltrão;4107504
4107520;ESPERANCA NOVA;Esperança Nova;4107520
4107538;ENTRE RIOS DO OESTE;Entre Rios do Oeste;4107538
4107546;ESPIGAO ALTO DO IGUACU;Espigão Alto do Iguaçu;4107546
4107553;FAROL;Farol;4107553
4107603;FAXINAL;Faxinal;4107603
4107652;FAZENDA RIO GRANDE;Fazenda Rio Grande;4107652
4107702;FENIX;Fênix;4107702
4107736;FERNANDES PINHEIRO;Fernandes Pinheiro;4107736
4107751;FIGUEIRA;Figueira;4107751
4107801;FLORAI;Floraí;4107801
4107850;FLOR DA SERRA DO SUL;Flor da Serra do Sul;4107850
4107900;FLORESTA;Floresta;2605707
4108007;FLORESTOPOLIS;Florestópolis;4108007
4108106;FLORIDA;Flórida;4108106
4108205;FORMOSA DO OESTE;Formosa do Oeste;4108205
4108304;FOZ DO IGUACU;Foz do Iguaçu;4108304
4108320;FRANCISCO ALVES;Francisco Alves;4108320
4108403;FRANCISCO BELTRAO;Francisco Beltrão;4108403
4108452;FOZ DO JORDAO;Foz do Jordão;4108452
4108502;GENERAL CARNEIRO;General Carneiro;5103908
4108551;GODOY MOREIRA;Godoy Moreira;4108551
4108601;GOIOERE;Goioerê;4108601
4108650;GOIOXIM;Goioxim;4108650
4108700;GRANDES RIOS;Grandes Rios;4108700
4108809;GUAIRA;Guaíra;4108809
4108908;GUAIRACA;Guairaçá;4108908
4108957;GUAMIRANGA;Guamiranga;4108957
4109005;GUAPIRAMA;Guapirama;4109005
4109104;GUAPOREMA;Guaporema;4109104
4109203;GUARACI;Guaraci;4109203
4109302;GUARANIACU;Guaraniaçu;4109302
4109401;GUARAPUAVA;Guarapuava;4109401
4109500;GUARAQUECABA;Guaraqueçaba;4109500
4109609;GUARATUBA;Guaratuba;4109609
4109658;HONORIO SERPA;Honório Serpa;4109658
4109708;IBAITI;Ibaiti;4109708
4109757;IBEMA;Ibema;4109757
4109807;IBIPORA;Ibiporã;4109807
4109906;ICARAIMA;Icaraíma;4109906
4110003;IGUARACU;Iguaraçu;4110003
4110052;IGUATU;Iguatu;2305506
4110078;IMBAU;Imbaú;4110078
4110102;IMBITUVA;Imbituva;4110102
4110201;INACIO MARTINS;Inácio Martins;4110201
4110300;INAJA;Inajá;2607000
4110409;INDIANOPOLIS;Indianópolis;4110409
4110508;IPIRANGA;Ipiranga;4110508
4110607;IPORA;Iporã;4110607
4110656;IRACEMA DO OESTE;Iracema do Oeste;4110656
4110706;IRATI;Irati;4207858
4110805;IRETAMA;Iretama;4110805
4110904;ITAGUAJE;Itaguajé;4110904
4110953;ITAIPULANDIA;Itaipulândia;4110953
4111001;ITAMBARACA;Itambaracá;4111001
4111100;ITAMBE;Itambé;2607653
4111209;ITAPEJARA D'OESTE;Itapejara d'Oeste;4111209
4111258;ITAPERUCU;Itaperuçu;4111258
4111308;ITAUNA DO SUL;Itaúna do Sul;4111308
4111407;IVAI;Ivaí;4111407
4111506;IVAIPORA;Ivaiporã;4111506
4111555;IVATE;Ivaté;4111555
4111605;IVATUBA;Ivatuba;4111605
4111704;JABOTI;Jaboti;4111704
4111803;JACAREZINHO;Jacarezinho;4111803
4111902;JAGUAPITA;Jaguapitã;4111902
4112009;JAGUARIAIVA;Jaguariaíva;4112009
4112108;JANDAIA DO SUL;Jandaia do Sul;4112108
4112207;JANIOPOLIS;Janiópolis;4112207
4112306;JAPIRA;Japira;4112306
4112405;JAPURA;Japurá;1302108
4112504;JARDIM ALEGRE;Jardim Alegre;4112504
4112603;JARDIM OLINDA;Jardim Olinda;4112603
4112702;JATAIZINHO;Jataizinho;4112702
4112751;JESUITAS;Jesuítas;4112751
4112801;JOAQUIM TAVORA;Joaquim Távora;4112801
4112900;JUNDIAI DO SUL;Jundiaí do Sul;4112900
4112959;JURANDA;Juranda;4112959
4113007;JUSSARA;Jussara;5212204
4113106;KALORE;Kaloré;4113106
4113205;LAPA;Lapa;4113205
4113254;LARANJAL;Laranjal;4113254
4113304;LARANJEIRAS DO SUL;Laranjeiras do Sul;4113304
4113403;LEOPOLIS;Leópolis;4113403
4113429;LIDIANOPOLIS;Lidianópolis;4113429
4113452;LINDOESTE;Lindoeste;4113452
4113502;LOANDA;Loanda;4113502
4113601;LOBATO;Lobato;4113601
4113700;LONDRINA;Londrina;4113700
4113734;LUIZIANA;Luiziana;4113734
4113759;LUNARDELLI;Lunardelli;4113759
4113809;LUPIONOPOLIS;Lupionópolis;4113809
4113908;MALLET;Mallet;4113908
4114005;MAMBORE;Mamborê;4114005
4114104;MANDAGUACU;Mandaguaçu;4114104
4114203;MANDAGUARI;Mandaguari;4114203
4114302;MANDIRITUBA;Mandirituba;4114302
4114351;MANFRINOPOLIS;Manfrinópolis;4114351
4114401;MANGUEIRINHA;Mangueirinha;4114401
4114500;MANOEL RIBAS;Manoel Ribas;4114500
4114609;MARECHAL CANDIDO RONDON;Marechal Cândido Rondon;4114609
4114708;MARIA HELENA;Maria Helena;4114708
4114807;MARIALVA;Marialva;4114807
4114906;MARILANDIA DO SUL;Marilândia do Sul;4114906
4115002;MARILENA;Marilena;4115002
4115101;MARILUZ;Mariluz;4115101
4115200;MARINGA;Maringá;4115200
4115309;MARIOPOLIS;Mariópolis;4115309
4115358;MARIPA;Maripá;4115358
4115408;MARMELEIRO;Marmeleiro;4115408
4115457;MARQUINHO;Marquinho;4115457
4115507;MARUMBI;Marumbi;4115507
4115606;MATELANDIA;Matelândia;4115606
4115705;MATINHOS;Matinhos;4115705
4115739;MATO RICO;Mato Rico;4115739
4115754;MAUA DA SERRA;Mauá da Serra;4115754
4306502;DOM FELICIANO;Dom Feliciano;4306502
4306551;DOM PEDRO DE ALCANTARA;Dom Pedro de Alcântara;4306551
4306601;DOM PEDRITO;Dom Pedrito;4306601
4306700;DONA FRANCISCA;Dona Francisca;4306700
4306734;DOUTOR MAURICIO CARDOSO;Doutor Maurício Cardoso;4306734
4306759;DOUTOR RICARDO;Doutor Ricardo;4306759
4306767;ELDORADO DO SUL;Eldorado do Sul;4306767
4306809;ENCANTADO;Encantado;4306809
4306908;ENCRUZILHADA DO SUL;Encruzilhada do Sul;4306908
4306924;ENGENHO VELHO;Engenho Velho;4306924
4306932;ENTRE-IJUIS;Entre-Ijuís;4306932
4306957;ENTRE RIOS DO SUL;Entre Rios do Sul;4306957
4306973;EREBANGO;Erebango;4306973
4307005;ERECHIM;Erechim;4307005
4307054;ERNESTINA;Ernestina;4307054
4307104;HERVAL;Herval;4307104
4307203;ERVAL GRANDE;Erval Grande;4307203
4307302;ERVAL SECO;Erval Seco;4307302
4307401;ESMERALDA;Esmeralda;4307401
4307450;ESPERANCA DO SUL;Esperança do Sul;4307450
4307500;ESPUMOSO;Espumoso;4307500
4307559;ESTACAO;Estação;4307559
4307609;ESTANCIA VELHA;Estância Velha;4307609
4307708;ESTEIO;Esteio;4307708
4307807;ESTRELA;Estrela;4307807
4307815;ESTRELA VELHA;Estrela Velha;4307815
4307831;EUGENIO DE CASTRO;Eugênio de Castro;4307831
4307864;FAGUNDES VARELA;Fagundes Varela;4307864
4307906;FARROUPILHA;Farroupilha;4307906
4308003;FAXINAL DO SOTURNO;Faxinal do Soturno;4308003
4308052;FAXINALZINHO;Faxinalzinho;4308052
4308078;FAZENDA VILANOVA;Fazenda Vilanova;4308078
4308102;FELIZ;Feliz;4308102
4308201;FLORES DA CUNHA;Flores da Cunha;4308201
4308250;FLORIANO PEIXOTO;Floriano Peixoto;4308250
4308300;FONTOURA XAVIER;Fontoura Xavier;4308300
4308409;FORMIGUEIRO;Formigueiro;4308409
4308433;FORQUETINHA;Forquetinha;4308433
4308458;FORTALEZA DOS VALOS;Fortaleza dos Valos;4308458
4308508;FREDERICO WESTPHALEN;Frederico Westphalen;4308508
4308607;GARIBALDI;Garibaldi;4308607
4308656;GARRUCHOS;Garruchos;4308656
4308706;GAURAMA;Gaurama;4308706
4308805;GENERAL CAMARA;General Câmara;4308805
4308854;GENTIL;Gentil;4308854
4308904;GETULIO VARGAS;Getúlio Vargas;4308904
4309001;GIRUA;Giruá;4309001
4309050;GLORINHA;Glorinha;4309050
4309100;GRAMADO;Gramado;4309100
4309126;GRAMADO DOS LOUREIROS;Gramado dos Loureiros;4309126
4309159;GRAMADO XAVIER;Gramado Xavier;4309159
4309209;GRAVATAI;Gravataí;4309209
4309258;GUABIJU;Guabiju;4309258
4309308;GUAIBA;Guaíba;4309308
4309407;GUAPORE;Guaporé;4309407
4309506;GUARANI DAS MISSOES;Guarani das Missões;4309506
4309555;HARMONIA;Harmonia;4309555
4309571;HERVEIRAS;Herveiras;4309571
4309605;HORIZONTINA;Horizontina;4309605
4309654;HULHA NEGRA;Hulha Negra;4309654
4309704;HUMAITA;Humaitá;1301704
4309753;IBARAMA;Ibarama;4309753
4309803;IBIACA;Ibiaçá;4309803
4309902;IBIRAIARAS;Ibiraiaras;4309902
4309951;IBIRAPUITA;Ibirapuitã;4309951
4310009;IBIRUBA;Ibirubá;4310009
4310108;IGREJINHA;Igrejinha;4310108
4310207;IJUI;Ijuí;4310207
4310306;ILOPOLIS;Ilópolis;4310306
4310330;IMBE;Imbé;4310330
4310363;IMIGRANTE;Imigrante;4310363
4310405;INDEPENDENCIA;Independência;2305605
4310413;INHACORA;Inhacorá;4310413
4310439;IPE;Ipê;4310439
4310462;IPIRANGA DO SUL;Ipiranga do Sul;4310462
4310504;IRAI;Iraí;4310504
4310538;ITAARA;Itaara;4310538
4310553;ITACURUBI;Itacurubi;4310553
4310579;ITAPUCA;Itapuca;4310579
4310603;ITAQUI;Itaqui;4310603
4310652;ITATI;Itati;4310652
4310702;ITATIBA DO SUL;Itatiba do Sul;4310702
4310751;IVORA;Ivorá;4310751
4310801;IVOTI;Ivoti;4310801
4310850;JABOTICABA;Jaboticaba;4310850
4310876;JACUIZINHO;Jacuizinho;4310876
4310900;JACUTINGA;Jacutinga;4310900
4311007;JAGUARAO;Jaguarão;4311007
4311106;JAGUARI;Jaguari;4311106
4311122;JAQUIRANA;Jaquirana;4311122
4311130;JARI;Jari;4311130
4311155;JOIA;Jóia;4311155
4311205;JULIO DE CASTILHOS;Júlio de Castilhos;4311205
4311239;LAGOA BONITA DO SUL;Lagoa Bonita do Sul;4311239
4311254;LAGOAO;Lagoão;4311254
4311270;LAGOA DOS TRES CANTOS;Lagoa dos Três Cantos;4311270
4311304;LAGOA VERMELHA;Lagoa Vermelha;4311304
4311403;LAJEADO;Lajeado;1712009
4311429;LAJEADO DO BUGRE;Lajeado do Bugre;4311429
4311502;LAVRAS DO SUL;Lavras do Sul;4311502
4311601;LIBERATO SALZANO;Liberato Salzano;4311601
4311627;LINDOLFO COLLOR;Lindolfo Collor;4311627
4311643;LINHA NOVA;Linha Nova;4311643
4311700;MACHADINHO;Machadinho;4311700
4311718;MACAMBARA;Maçambara;4311718
4311734;MAMPITUBA;Mampituba;4311734
3145455;OLHOS-D'AGUA;Olhos-d'Água;3145455
3145505;OLIMPIO NORONHA;Olímpio Noronha;3145505
3145604;OLIVEIRA;Oliveira;3145604
3145703;OLIVEIRA FORTES;Oliveira Fortes;3145703
3145802;ONCA DE PITANGUI;Onça de Pitangui;3145802
3145851;ORATORIOS;Oratórios;3145851
3145877;ORIZANIA;Orizânia;3145877
3145901;OURO BRANCO;Ouro Branco;2706109
3146008;OURO FINO;Ouro Fino;3146008
3146107;OURO PRETO;Ouro Preto;3146107
3146206;OURO VERDE DE MINAS;Ouro Verde de Minas;3146206
3146255;PADRE CARVALHO;Padre Carvalho;3146255
3146305;PADRE PARAISO;Padre Paraíso;3146305
3146404;PAINEIRAS;Paineiras;3146404
3146503;PAINS;Pains;3146503
3146552;PAI PEDRO;Pai Pedro;3146552
3146602;PAIVA;Paiva;3146602
3146701;PALMA;Palma;3146701
3146750;PALMOPOLIS;Palmópolis;3146750
3146909;PAPAGAIOS;Papagaios;3146909
3147006;PARACATU;Paracatu;3147006
3147105;PARA DE MINAS;Pará de Minas;3147105
3147204;PARAGUACU;Paraguaçu;3147204
3147303;PARAISOPOLIS;Paraisópolis;3147303
3147402;PARAOPEBA;Paraopeba;3147402
3147501;PASSABEM;Passabém;3147501
3147600;PASSA QUATRO;Passa Quatro;3147600
3147709;PASSA TEMPO;Passa Tempo;3147709
3147808;PASSA-VINTE;Passa-Vinte;3147808
3147907;PASSOS;Passos;3147907
3147956;PATIS;Patis;3147956
3148004;PATOS DE MINAS;Patos de Minas;3148004
3148103;PATROCINIO;Patrocínio;3148103
3148202;PATROCINIO DO MURIAE;Patrocínio do Muriaé;3148202
3148301;PAULA CANDIDO;Paula Cândido;3148301
3148400;PAULISTAS;Paulistas;3148400
3148509;PAVAO;Pavão;3148509
3148608;PECANHA;Peçanha;3148608
3148707;PEDRA AZUL;Pedra Azul;3148707
3148756;PEDRA BONITA;Pedra Bonita;3148756
3148806;PEDRA DO ANTA;Pedra do Anta;3148806
3148905;PEDRA DO INDAIA;Pedra do Indaiá;3148905
3149002;PEDRA DOURADA;Pedra Dourada;3149002
3149101;PEDRALVA;Pedralva;3149101
3149150;PEDRAS DE MARIA DA CRUZ;Pedras de Maria da Cruz;3149150
3149200;PEDRINOPOLIS;Pedrinópolis;3149200
3149309;PEDRO LEOPOLDO;Pedro Leopoldo;3149309
3149408;PEDRO TEIXEIRA;Pedro Teixeira;3149408
3149507;PEQUERI;Pequeri;3149507
3149606;PEQUI;Pequi;3149606
3149705;PERDIGAO;Perdigão;3149705
3149804;PERDIZES;Perdizes;3149804
3149903;PERDOES;Perdões;3149903
3149952;PERIQUITO;Periquito;3149952
3150000;PESCADOR;Pescador;3150000
3150109;PIAU;Piau;3150109
3150158;PIEDADE DE CARATINGA;Piedade de Caratinga;3150158
3150208;PIEDADE DE PONTE NOVA;Piedade de Ponte Nova;3150208
3150307;PIEDADE DO RIO GRANDE;Piedade do Rio Grande;3150307
3150406;PIEDADE DOS GERAIS;Piedade dos Gerais;3150406
3150505;PIMENTA;Pimenta;3150505
3150539;PINGO-D'AGUA;Pingo-d'Água;3150539
3150570;PINTOPOLIS;Pintópolis;3150570
3150604;PIRACEMA;Piracema;3150604
3150703;PIRAJUBA;Pirajuba;3150703
3150802;PIRANGA;Piranga;3150802
3150901;PIRANGUCU;Piranguçu;3150901
3151008;PIRANGUINHO;Piranguinho;3151008
3151107;PIRAPETINGA;Pirapetinga;3151107
3151206;PIRAPORA;Pirapora;3151206
3151305;PIRAUBA;Piraúba;3151305
3151404;PITANGUI;Pitangui;3151404
3151503;PIUMHI;Piumhi;3151503
3151602;PLANURA;Planura;3151602
3151701;POCO FUNDO;Poço Fundo;3151701
3151800;POCOS DE CALDAS;Poços de Caldas;3151800
3151909;POCRANE;Pocrane;3151909
3152006;POMPEU;Pompéu;3152006
3152105;PONTE NOVA;Ponte Nova;3152105
3152131;PONTO CHIQUE;Ponto Chique;3152131
3152170;PONTO DOS VOLANTES;Ponto dos Volantes;3152170
3152204;PORTEIRINHA;Porteirinha;3152204
3152303;PORTO FIRME;Porto Firme;3152303
3152402;POTE;Poté;3152402
3152501;POUSO ALEGRE;Pouso Alegre;3152501
3152600;POUSO ALTO;Pouso Alto;3152600
3152709;PRADOS;Prados;3152709
3152808;PRATA;Prata;2512200
3152907;PRATAPOLIS;Pratápolis;3152907
3153004;PRATINHA;Pratinha;3153004
3153103;PRESIDENTE BERNARDES;Presidente Bernardes;3541208
3153202;PRESIDENTE JUSCELINO;Presidente Juscelino;2410306
3153301;PRESIDENTE KUBITSCHEK;Presidente Kubitschek;3153301
3153400;PRESIDENTE OLEGARIO;Presidente Olegário;3153400
3153509;ALTO JEQUITIBA;Alto Jequitibá;3153509
3153608;PRUDENTE DE MORAIS;Prudente de Morais;3153608
3153707;QUARTEL GERAL;Quartel Geral;3153707
3153806;QUELUZITO;Queluzito;3153806
3153905;RAPOSOS;Raposos;3153905
3154002;RAUL SOARES;Raul Soares;3154002
3154101;RECREIO;Recreio;3154101
3154150;REDUTO;Reduto;3154150
3154200;RESENDE COSTA;Resende Costa;3154200
3154309;RESPLENDOR;Resplendor;3154309
3154408;RESSAQUINHA;Ressaquinha;3154408
3154457;RIACHINHO;Riachinho;1718550
3154507;RIACHO DOS MACHADOS;Riacho dos Machados;3154507
3154606;RIBEIRAO DAS NEVES;Ribeirão das Neves;3154606
3154705;RIBEIRAO VERMELHO;Ribeirão Vermelho;3154705
3154804;RIO ACIMA;Rio Acima;3154804
3154903;RIO CASCA;Rio Casca;3154903
3155009;RIO DOCE;Rio Doce;3155009
3155108;RIO DO PRADO;Rio do Prado;3155108
3155207;RIO ESPERA;Rio Espera;3155207
3155306;RIO MANSO;Rio Manso;3155306
3155405;RIO NOVO;Rio Novo;3155405
3155504;RIO PARANAIBA;Rio Paranaíba;3155504
3155603;RIO PARDO DE MINAS;Rio Pardo de Minas;3155603
3155702;RIO PIRACICABA;Rio Piracicaba;3155702
3155801;RIO POMBA;Rio Pomba;3155801
3155900;RIO PRETO;Rio Preto;3155900
3156007;RIO VERMELHO;Rio Vermelho;3156007
3156106;RITAPOLIS;Ritápolis;3156106
3156205;ROCHEDO DE MINAS;Rochedo de Minas;3156205
3156304;RODEIRO;Rodeiro;3156304
3156403;ROMARIA;Romaria;3156403
3156452;ROSARIO DA LIMEIRA;Rosário da Limeira;3156452
3156502;RUBELITA;Rubelita;3156502
3156601;RUBIM;Rubim;3156601
3156700;SABARA;Sabará;3156700
3420103;IGARAPAVA;Igarapava;3520103
3420202;IGARATA;Igaratá;3520202
3420301;IGUAPE;Iguape;3520301
3420400;ILHABELA;Ilhabela;3520400
3420426;ILHA COMPRIDA;Ilha Comprida;3520426
3420442;ILHA SOLTEIRA;Ilha Solteira;3520442
3420509;INDAIATUBA;Indaiatuba;3520509
3420608;INDIANA;Indiana;3520608
3420707;INDIAPORA;Indiaporã;3520707
3420806;INUBIA PAULISTA;Inúbia Paulista;3520806
3420905;IPAUSSU;Ipaussu;3520905
3421002;IPERO;Iperó;3521002
3421101;IPEUNA;Ipeúna;3521101
3421150;IPIGUA;Ipiguá;3521150
3421200;IPORANGA;Iporanga;3521200
3421309;IPUA;Ipuã;3521309
3421408;IRACEMAPOLIS;Iracemápolis;3521408
3421507;IRAPUA;Irapuã;3521507
3421606;IRAPURU;Irapuru;3521606
3421705;ITABERA;Itaberá;3521705
3421804;ITAI;Itaí;3521804
3421903;ITAJOBI;Itajobi;3521903
3422000;ITAJU;Itaju;3522000
3422109;ITANHAEM;Itanhaém;3522109
3422158;ITAOCA;Itaóca;3522158
3422208;ITAPECERICA DA SERRA;Itapecerica da Serra;3522208
3422307;ITAPETININGA;Itapetininga;3522307
3422406;ITAPEVA;Itapeva;3522406
3422505;ITAPEVI;Itapevi;3522505
3422604;ITAPIRA;Itapira;3522604
3422653;ITAPIRAPUA PAULISTA;Itapirapuã Paulista;3522653
3422703;ITAPOLIS;Itápolis;3522703
3422802;ITAPORANGA;Itaporanga;2507002
3422901;ITAPUI;Itapuí;3522901
3423008;ITAPURA;Itapura;3523008
3423107;ITAQUAQUECETUBA;Itaquaquecetuba;3523107
3423206;ITARARE;Itararé;3523206
3423305;ITARIRI;Itariri;3523305
3423404;ITATIBA;Itatiba;3523404
3423503;ITATINGA;Itatinga;3523503
3423602;ITIRAPINA;Itirapina;3523602
3423701;ITIRAPUA;Itirapuã;3523701
3423800;ITOBI;Itobi;3523800
3423909;ITU;Itu;3523909
3424006;ITUPEVA;Itupeva;3524006
3424105;ITUVERAVA;Ituverava;3524105
3424204;JABORANDI;Jaborandi;2917359
3424303;JABOTICABAL;Jaboticabal;3524303
3424402;JACAREI;Jacareí;3524402
3424501;JACI;Jaci;3524501
3424600;JACUPIRANGA;Jacupiranga;3524600
3424709;JAGUARIUNA;Jaguariúna;3524709
3424808;JALES;Jales;3524808
3424907;JAMBEIRO;Jambeiro;3524907
3425003;JANDIRA;Jandira;3525003
3425102;JARDINOPOLIS;Jardinópolis;4208955
3425201;JARINU;Jarinu;3525201
3425300;JAU;Jaú;3525300
3425409;JERIQUARA;Jeriquara;3525409
3425508;JOANOPOLIS;Joanópolis;3525508
3425607;JOAO RAMALHO;João Ramalho;3525607
3425706;JOSE BONIFACIO;José Bonifácio;3525706
3425805;JULIO MESQUITA;Júlio Mesquita;3525805
3425854;JUMIRIM;Jumirim;3525854
3425904;JUNDIAI;Jundiaí;3525904
3426001;JUNQUEIROPOLIS;Junqueirópolis;3526001
3426100;JUQUIA;Juquiá;3526100
3426209;JUQUITIBA;Juquitiba;3526209
3426308;LAGOINHA;Lagoinha;3526308
3426407;LARANJAL PAULISTA;Laranjal Paulista;3526407
3426506;LAVINIA;Lavínia;3526506
3426605;LAVRINHAS;Lavrinhas;3526605
3426704;LEME;Leme;3526704
3426803;LENCOIS PAULISTA;Lençóis Paulista;3526803
3426902;LIMEIRA;Limeira;3526902
3427009;LINDOIA;Lindóia;3527009
3427108;LINS;Lins;3527108
3427207;LORENA;Lorena;3527207
3427256;LOURDES;Lourdes;3527256
3427306;LOUVEIRA;Louveira;3527306
3427405;LUCELIA;Lucélia;3527405
3427504;LUCIANOPOLIS;Lucianópolis;3527504
3427603;LUIS ANTONIO;Luís Antônio;3527603
3427702;LUIZIANIA;Luiziânia;3527702
3427801;LUPERCIO;Lupércio;3527801
3427900;LUTECIA;Lutécia;3527900
3428007;MACATUBA;Macatuba;3528007
3428106;MACAUBAL;Macaubal;3528106
3428205;MACEDONIA;Macedônia;3528205
3428304;MAGDA;Magda;3528304
3428403;MAIRINQUE;Mairinque;3528403
3428502;MAIRIPORA;Mairiporã;3528502
3428601;MANDURI;Manduri;3528601
3428700;MARABA PAULISTA;Marabá Paulista;3528700
3428809;MARACAI;Maracaí;3528809
3428858;MARAPOAMA;Marapoama;3528858
3428908;MARIAPOLIS;Mariápolis;3528908
3429005;MARILIA;Marília;3529005
3429104;MARINOPOLIS;Marinópolis;3529104
3429203;MARTINOPOLIS;Martinópolis;3529203
3429302;MATAO;Matão;3529302
3429401;MAUA;Mauá;3529401
3429500;MENDONCA;Mendonça;3529500
3429609;MERIDIANO;Meridiano;3529609
3429658;MESOPOLIS;Mesópolis;3529658
3429708;MIGUELOPOLIS;Miguelópolis;3529708
3429807;MINEIROS DO TIETE;Mineiros do Tietê;3529807
3429906;MIRACATU;Miracatu;3529906
3430003;MIRA ESTRELA;Mira Estrela;3530003
3430102;MIRANDOPOLIS;Mirandópolis;3530102
3430201;MIRANTE DO PARANAPANEMA;Mirante do Paranapanema;3530201
3430300;MIRASSOL;Mirassol;3530300
3430409;MIRASSOLANDIA;Mirassolândia;3530409
3430508;MOCOCA;Mococa;3530508
3430607;MOGI DAS CRUZES;Mogi das Cruzes;3530607
3430706;MOGI GUACU;Mogi Guaçu;3530706
3430805;MOGI-MIRIM;Mogi-Mirim;#N/D
3430904;MOMBUCA;Mombuca;3530904
3431001;MONCOES;Monções;3531001
3431100;MONGAGUA;Mongaguá;3531100
3431209;MONTE ALEGRE DO SUL;Monte Alegre do Sul;3531209
3431308;MONTE ALTO;Monte Alto;3531308
3431407;MONTE APRAZIVEL;Monte Aprazível;3531407
3431506;MONTE AZUL PAULISTA;Monte Azul Paulista;3531506
3431605;MONTE CASTELO;Monte Castelo;4211108
3431704;MONTEIRO LOBATO;Monteiro Lobato;3531704
3431803;MONTE MOR;Monte Mor;3531803
3431902;MORRO AGUDO;Morro Agudo;3531902
3432009;MORUNGABA;Morungaba;3532009
3432058;MOTUCA;Motuca;3532058
3432108;MURUTINGA DO SUL;Murutinga do Sul;3532108
3432157;NANTES;Nantes;3532157
3432207;NARANDIBA;Narandiba;3532207
3432306;NATIVIDADE DA SERRA;Natividade da Serra;3532306
3432405;NAZARE PAULISTA;Nazaré Paulista;3532405
3432504;NEVES PAULISTA;Neves Paulista;3532504
3432603;NHANDEARA;Nhandeara;3532603
3432702;NIPOA;Nipoã;3532702
3432801;NOVA ALIANCA;Nova Aliança;3532801
3432827;NOVA CAMPINA;Nova Campina;3532827
3432843;NOVA CANAA PAULISTA;Nova Canaã Paulista;3532843
3432868;NOVA CASTILHO;Nova Castilho;3532868
3432900;NOVA EUROPA;Nova Europa;3532900
3433007;NOVA GRANADA;Nova Granada;3533007
3433106;NOVA GUATAPORANGA;Nova Guataporanga;3533106
3433205;NOVA INDEPENDENCIA;Nova Independência;3533205
3433254;NOVAIS;Novais;3533254
3433304;NOVA LUZITANIA;Nova Luzitânia;3533304
3433403;NOVA ODESSA;Nova Odessa;3533403
3433502;NOVO HORIZONTE;Novo Horizonte;4211652
3433601;NUPORANGA;Nuporanga;3533601
3433700;OCAUCU;Ocauçu;3533700
3433809;OLEO;Óleo;3533809
3433908;OLIMPIA;Olímpia;3533908
3434005;ONDA VERDE;Onda Verde;3534005
3434104;ORIENTE;Oriente;3534104
3434203;ORINDIUVA;Orindiúva;3534203
3434302;ORLANDIA;Orlândia;3534302
3434401;OSASCO;Osasco;3534401
3434500;OSCAR BRESSANE;Oscar Bressane;3534500
3434609;OSVALDO CRUZ;Osvaldo Cruz;3534609
3434708;OURINHOS;Ourinhos;3534708
3434757;OUROESTE;Ouroeste;3534757
3434807;OURO VERDE;Ouro Verde;4211850
3434906;PACAEMBU;Pacaembu;3534906
3435002;PALESTINA;Palestina;2706208
3435101;PALMARES PAULISTA;Palmares Paulista;3535101
3435200;PALMEIRA D'OESTE;Palmeira d'Oeste;3535200
3435309;PALMITAL;Palmital;4117800
3435408;PANORAMA;Panorama;3535408
3435507;PARAGUACU PAULISTA;Paraguaçu Paulista;3535507
3435606;PARAIBUNA;Paraibuna;3535606
3435705;PARAISO;Paraíso;4212239
3435804;PARANAPANEMA;Paranapanema;3535804
3435903;PARANAPUA;Paranapuã;3535903
3436000;PARAPUA;Parapuã;3536000
3436109;PARDINHO;Pardinho;3536109
3436208;PARIQUERA-ACU;Pariquera-Açu;3536208
3436257;PARISI;Parisi;3536257
3436307;PATROCINIO PAULISTA;Patrocínio Paulista;3536307
3436406;PAULICEIA;Paulicéia;3536406
3436505;PAULINIA;Paulínia;3536505
3436570;PAULISTANIA;Paulistânia;3536570
3436604;PAULO DE FARIA;Paulo de Faria;3536604
3436703;PEDERNEIRAS;Pederneiras;3536703
3436802;PEDRA BELA;Pedra Bela;3536802
3436901;PEDRANOPOLIS;Pedranópolis;3536901
3437008;PEDREGULHO;Pedregulho;3537008
3437107;PEDREIRA;Pedreira;3537107
3437156;PEDRINHAS PAULISTA;Pedrinhas Paulista;3537156
3437206;PEDRO DE TOLEDO;Pedro de Toledo;3537206
3437305;PENAPOLIS;Penápolis;3537305
5200906;ANTONIO JOAO;Antônio João;5000906
5201003;APARECIDA DO TABOADO;Aparecida do Taboado;5001003
5201102;AQUIDAUANA;Aquidauana;5001102
5201243;ARAL MOREIRA;Aral Moreira;5001243
5201508;BANDEIRANTES;Bandeirantes;5001508
5201904;BATAGUASSU;Bataguassu;5001904
5202001;BATAYPORA;Batayporã;5002001
5202100;BELA VISTA;Bela Vista;5002100
5202159;BODOQUENA;Bodoquena;5002159
5202209;BONITO;Bonito;5002209
5202308;BRASILANDIA;Brasilândia;5002308
5202407;CAARAPO;Caarapó;5002407
5202605;CAMAPUA;Camapuã;5002605
5202704;CAMPO GRANDE;Campo Grande;5002704
5202803;CARACOL;Caracol;5002803
5202902;CASSILANDIA;Cassilândia;5002902
5202951;CHAPADAO DO SUL;Chapadão do Sul;5002951
5203108;CORGUINHO;Corguinho;5003108
5203157;CORONEL SAPUCAIA;Coronel Sapucaia;5003157
5203207;CORUMBA;Corumbá;5003207
5203256;COSTA RICA;Costa Rica;5003256
5203306;COXIM;Coxim;5003306
5203454;DEODAPOLIS;Deodápolis;5003454
5203488;DOIS IRMAOS DO BURITI;Dois Irmãos do Buriti;5003488
5203504;DOURADINA;Douradina;5003504
5203702;DOURADOS;Dourados;5003702
5203751;ELDORADO;Eldorado;5003751
5203801;FATIMA DO SUL;Fátima do Sul;5003801
5204007;GLORIA DE DOURADOS;Glória de Dourados;5004007
5204106;GUIA LOPES DA LAGUNA;Guia Lopes da Laguna;5004106
5204304;IGUATEMI;Iguatemi;5004304
5204403;INOCENCIA;Inocência;5004403
5204502;ITAPORA;Itaporã;5004502
5204601;ITAQUIRAI;Itaquiraí;5004601
5204700;IVINHEMA;Ivinhema;5004700
5204809;JAPORA;Japorã;5004809
5204908;JARAGUARI;Jaraguari;5004908
5205004;JARDIM;Jardim;5005004
5205103;JATEI;Jateí;5005103
5205152;JUTI;Juti;5005152
5205202;LADARIO;Ladário;5005202
5205251;LAGUNA CARAPA;Laguna Carapã;5005251
5205400;MARACAJU;Maracaju;5005400
5205608;MIRANDA;Miranda;5005608
5205681;MUNDO NOVO;Mundo Novo;5005681
5205707;NAVIRAI;Naviraí;5005707
5205806;NIOAQUE;Nioaque;5005806
5206002;NOVA ALVORADA DO SUL;Nova Alvorada do Sul;5006002
5206200;NOVA ANDRADINA;Nova Andradina;5006200
5206259;NOVO HORIZONTE DO SUL;Novo Horizonte do Sul;5006259
5206275;PARAISO DAS AGUAS;Paraíso das Águas;#N/D
5206309;PARANAIBA;Paranaíba;5006309
5206358;PARANHOS;Paranhos;5006358
5206408;PEDRO GOMES;Pedro Gomes;5006408
5206606;PONTA PORA;Ponta Porã;5006606
5206903;PORTO MURTINHO;Porto Murtinho;5006903
5207109;RIBAS DO RIO PARDO;Ribas do Rio Pardo;5007109
5207208;RIO BRILHANTE;Rio Brilhante;5007208
5207307;RIO NEGRO;Rio Negro;5007307
5207406;RIO VERDE DE MATO GROSSO;Rio Verde de Mato Grosso;5007406
5207505;ROCHEDO;Rochedo;5007505
5207554;SANTA RITA DO PARDO;Santa Rita do Pardo;5007554
5207695;SAO GABRIEL DO OESTE;São Gabriel do Oeste;5007695
5207703;SETE QUEDAS;Sete Quedas;5007703
5207802;SELVIRIA;Selvíria;5007802
5207901;SIDROLANDIA;Sidrolândia;5007901
5207935;SONORA;Sonora;5007935
5207950;TACURU;Tacuru;5007950
5207976;TAQUARUSSU;Taquarussu;5007976
5208008;TERENOS;Terenos;5008008
5208305;TRES LAGOAS;Três Lagoas;5008305
5208404;VICENTINA;Vicentina;5008404
5300050;ABADIA DE GOIAS;Abadia de Goiás;5200050
5300100;ABADIANIA;Abadiânia;5200100
5300134;ACREUNA;Acreúna;5200134
5300159;ADELANDIA;Adelândia;5200159
5300175;AGUA FRIA DE GOIAS;Água Fria de Goiás;5200175
5300209;AGUA LIMPA;Água Limpa;5200209
5300258;AGUAS LINDAS DE GOIAS;Águas Lindas de Goiás;5200258
5300308;ALEXANIA;Alexânia;5200308
5300506;ALOANDIA;Aloândia;5200506
5300555;ALTO HORIZONTE;Alto Horizonte;5200555
5300605;ALTO PARAISO DE GOIAS;Alto Paraíso de Goiás;5200605
5300803;ALVORADA DO NORTE;Alvorada do Norte;5200803
5300829;AMARALINA;Amaralina;5200829
5300852;AMERICANO DO BRASIL;Americano do Brasil;5200852
5300902;AMORINOPOLIS;Amorinópolis;5200902
5301108;ANAPOLIS;Anápolis;5201108
5301207;ANHANGUERA;Anhanguera;5201207
5301306;ANICUNS;Anicuns;5201306
5301405;APARECIDA DE GOIANIA;Aparecida de Goiânia;5201405
5301454;APARECIDA DO RIO DOCE;Aparecida do Rio Doce;5201454
5301504;APORE;Aporé;5201504
5301603;ARACU;Araçu;5201603
5301702;ARAGARCAS;Aragarças;5201702
5301801;ARAGOIANIA;Aragoiânia;5201801
5302155;ARAGUAPAZ;Araguapaz;5202155
5302353;ARENOPOLIS;Arenópolis;5202353
5302502;ARUANA;Aruanã;5202502
5302601;AURILANDIA;Aurilândia;5202601
5302809;AVELINOPOLIS;Avelinópolis;5202809
5303104;BALIZA;Baliza;5203104
5303203;BARRO ALTO;Barro Alto;5203203
5303302;BELA VISTA DE GOIAS;Bela Vista de Goiás;5203302
5303401;BOM JARDIM DE GOIAS;Bom Jardim de Goiás;5203401
5303500;BOM JESUS DE GOIAS;Bom Jesus de Goiás;5203500
5303559;BONFINOPOLIS;Bonfinópolis;5203559
5303575;BONOPOLIS;Bonópolis;5203575
5303609;BRAZABRANTES;Brazabrantes;5203609
5303807;BRITANIA;Britânia;5203807
5303906;BURITI ALEGRE;Buriti Alegre;5203906
5303939;BURITI DE GOIAS;Buriti de Goiás;5203939
5303962;BURITINOPOLIS;Buritinópolis;5203962
5304003;CABECEIRAS;Cabeceiras;5204003
5304102;CACHOEIRA ALTA;Cachoeira Alta;5204102
5304201;CACHOEIRA DE GOIAS;Cachoeira de Goiás;5204201
5304250;CACHOEIRA DOURADA;Cachoeira Dourada;5204250
5304300;CACU;Caçu;5204300
5304409;CAIAPONIA;Caiapônia;5204409
5304508;CALDAS NOVAS;Caldas Novas;5204508
5304557;CALDAZINHA;Caldazinha;5204557
5304607;CAMPESTRE DE GOIAS;Campestre de Goiás;5204607
5304656;CAMPINACU;Campinaçu;5204656
5304706;CAMPINORTE;Campinorte;5204706
5304805;CAMPO ALEGRE DE GOIAS;Campo Alegre de Goiás;5204805
5304854;CAMPO LIMPO DE GOIAS;Campo Limpo de Goiás;5204854
5304904;CAMPOS BELOS;Campos Belos;5204904
5304953;CAMPOS VERDES;Campos Verdes;5204953
5305000;CARMO DO RIO VERDE;Carmo do Rio Verde;5205000
5305059;CASTELANDIA;Castelândia;5205059
5305109;CATALAO;Catalão;5205109
5305208;CATURAI;Caturaí;5205208
5305307;CAVALCANTE;Cavalcante;5205307
5305406;CERES;Ceres;5205406
5305455;CEZARINA;Cezarina;5205455
5305471;CHAPADAO DO CEU;Chapadão do Céu;5205471
5305497;CIDADE OCIDENTAL;Cidade Ocidental;5205497
5305513;COCALZINHO DE GOIAS;Cocalzinho de Goiás;5205513
5305521;COLINAS DO SUL;Colinas do Sul;5205521
5305703;CORREGO DO OURO;Córrego do Ouro;5205703
5305802;CORUMBA DE GOIAS;Corumbá de Goiás;5205802
5305901;CORUMBAIBA;Corumbaíba;5205901
5306206;CRISTALINA;Cristalina;5206206
5306305;CRISTIANOPOLIS;Cristianópolis;5206305
5306404;CRIXAS;Crixás;5206404
5306503;CROMINIA;Cromínia;5206503
5306602;CUMARI;Cumari;5206602
5306701;DAMIANOPOLIS;Damianópolis;5206701
5306800;DAMOLANDIA;Damolândia;5206800
5306909;DAVINOPOLIS;Davinópolis;2103752
5307105;DIORAMA;Diorama;5207105
5307253;DOVERLANDIA;Doverlândia;5207253
5307352;EDEALINA;Edealina;5207352
5307402;EDEIA;Edéia;5207402
5307501;ESTRELA DO NORTE;Estrela do Norte;5207501
5307535;FAINA;Faina;5207535
5307600;FAZENDA NOVA;Fazenda Nova;5207600
5307808;FIRMINOPOLIS;Firminópolis;5207808
5307907;FLORES DE GOIAS;Flores de Goiás;5207907
5308004;FORMOSA;Formosa;5208004
5308103;FORMOSO;Formoso;5208103
5308152;GAMELEIRA DE GOIAS;Gameleira de Goiás;5208152
5308301;DIVINOPOLIS DE GOIAS;Divinópolis de Goiás;5208301
5308400;GOIANAPOLIS;Goianápolis;5208400
5308509;GOIANDIRA;Goiandira;5208509
5308608;GOIANESIA;Goianésia;5208608
5308707;GOIANIA;Goiânia;5208707
5308806;GOIANIRA;Goianira;5208806
5308905;GOIAS;Goiás;5208905
5309101;GOIATUBA;Goiatuba;5209101
5309150;GOUVELANDIA;Gouvelândia;5209150
5309200;GUAPO;Guapó;5209200
5309291;GUARAITA;Guaraíta;5209291
5309408;GUARANI DE GOIAS;Guarani de Goiás;5209408
5309457;GUARINOS;Guarinos;5209457
5309606;HEITORAI;Heitoraí;5209606
5309705;HIDROLANDIA;Hidrolândia;2305209
5309804;HIDROLINA;Hidrolina;5209804
5309903;IACIARA;Iaciara;5209903
4211850;OURO VERDE;Ouro Verde;4211850
4211876;PAIAL;Paial;4211876
4211892;PAINEL;Painel;4211892
4211900;PALHOCA;Palhoça;4211900
4212007;PALMA SOLA;Palma Sola;4212007
4212056;PALMEIRA;Palmeira;4212056
4212106;PALMITOS;Palmitos;4212106
4212205;PAPANDUVA;Papanduva;4212205
4212239;PARAISO;Paraíso;4212239
4212254;PASSO DE TORRES;Passo de Torres;4212254
4212270;PASSOS MAIA;Passos Maia;4212270
4212304;PAULO LOPES;Paulo Lopes;4212304
4212403;PEDRAS GRANDES;Pedras Grandes;4212403
4212502;PENHA;Penha;4212502
4212601;PERITIBA;Peritiba;4212601
4212650;PESCARIA BRAVA;Pescaria Brava;#N/D
4212700;PETROLANDIA;Petrolândia;2611002
4212809;PICARRAS;Piçarras;#N/D
4212908;PINHALZINHO;Pinhalzinho;4212908
4213005;PINHEIRO PRETO;Pinheiro Preto;4213005
4213104;PIRATUBA;Piratuba;4213104
4213153;PLANALTO ALEGRE;Planalto Alegre;4213153
4213203;POMERODE;Pomerode;4213203
4213302;PONTE ALTA;Ponte Alta;4213302
4213351;PONTE ALTA DO NORTE;Ponte Alta do Norte;4213351
4213401;PONTE SERRADA;Ponte Serrada;4213401
4213500;PORTO BELO;Porto Belo;4213500
4213609;PORTO UNIAO;Porto União;4213609
4213708;POUSO REDONDO;Pouso Redondo;4213708
4213807;PRAIA GRANDE;Praia Grande;4213807
4213906;PRESIDENTE CASTELO BRANCO;Presidente Castelo Branco;4120408
4214003;PRESIDENTE GETULIO;Presidente Getúlio;4214003
4214102;PRESIDENTE NEREU;Presidente Nereu;4214102
4214151;PRINCESA;Princesa;4214151
4214201;QUILOMBO;Quilombo;4214201
4214300;RANCHO QUEIMADO;Rancho Queimado;4214300
4214409;RIO DAS ANTAS;Rio das Antas;4214409
4214508;RIO DO CAMPO;Rio do Campo;4214508
4214607;RIO DO OESTE;Rio do Oeste;4214607
4214706;RIO DOS CEDROS;Rio dos Cedros;4214706
4214805;RIO DO SUL;Rio do Sul;4214805
4214904;RIO FORTUNA;Rio Fortuna;4214904
4215000;RIO NEGRINHO;Rio Negrinho;4215000
4215059;RIO RUFINO;Rio Rufino;4215059
4215075;RIQUEZA;Riqueza;4215075
4215109;RODEIO;Rodeio;4215109
4215208;ROMELANDIA;Romelândia;4215208
4215307;SALETE;Salete;4215307
4215356;SALTINHO;Saltinho;4215356
4215406;SALTO VELOSO;Salto Veloso;4215406
4215455;SANGAO;Sangão;4215455
4215505;SANTA CECILIA;Santa Cecília;2513158
4215554;SANTA HELENA;Santa Helena;2109809
4215604;SANTA ROSA DE LIMA;Santa Rosa de Lima;2806503
4215653;SANTA ROSA DO SUL;Santa Rosa do Sul;4215653
4215679;SANTA TEREZINHA;Santa Terezinha;5107776
4215687;SANTA TEREZINHA DO PROGRESSO;Santa Terezinha do Progresso;4215687
4215695;SANTIAGO DO SUL;Santiago do Sul;4215695
4215703;SANTO AMARO DA IMPERATRIZ;Santo Amaro da Imperatriz;4215703
4215752;SAO BERNARDINO;São Bernardino;4215752
4215802;SAO BENTO DO SUL;São Bento do Sul;4215802
4215901;SAO BONIFACIO;São Bonifácio;4215901
4216008;SAO CARLOS;São Carlos;4216008
4216057;SAO CRISTOVAO DO SUL;São Cristovão do Sul;4216057
4216107;SAO DOMINGOS;São Domingos;2806800
4216206;SAO FRANCISCO DO SUL;São Francisco do Sul;4216206
4216255;SAO JOAO DO OESTE;São João do Oeste;4216255
4216305;SAO JOAO BATISTA;São João Batista;2111003
4216354;SAO JOAO DO ITAPERIU;São João do Itaperiú;4216354
4216404;SAO JOAO DO SUL;São João do Sul;4216404
4216503;SAO JOAQUIM;São Joaquim;4216503
4216602;SAO JOSE;São José;4216602
5309937;INACIOLANDIA;Inaciolândia;5209937
5309952;INDIARA;Indiara;5209952
5310000;INHUMAS;Inhumas;5210000
5310109;IPAMERI;Ipameri;5210109
5310158;IPIRANGA DE GOIAS;Ipiranga de Goiás;5210158
5310208;IPORA;Iporá;5210208
5310307;ISRAELANDIA;Israelândia;5210307
5310406;ITABERAI;Itaberaí;5210406
5310562;ITAGUARI;Itaguari;5210562
5310604;ITAGUARU;Itaguaru;5210604
5310802;ITAJA;Itajá;2404853
5310901;ITAPACI;Itapaci;5210901
5311008;ITAPIRAPUA;Itapirapuã;5211008
5311206;ITAPURANGA;Itapuranga;5211206
5311305;ITARUMA;Itarumã;5211305
5311404;ITAUCU;Itauçu;5211404
5311503;ITUMBIARA;Itumbiara;5211503
5311602;IVOLANDIA;Ivolândia;5211602
5311701;JANDAIA;Jandaia;5211701
5311800;JARAGUA;Jaraguá;5211800
5311909;JATAI;Jataí;5211909
5312006;JAUPACI;Jaupaci;5212006
5312055;JESUPOLIS;Jesúpolis;5212055
5312105;JOVIANIA;Joviânia;5212105
5312204;JUSSARA;Jussara;5212204
5312253;LAGOA SANTA;Lagoa Santa;5212253
5312303;LEOPOLDO DE BULHOES;Leopoldo de Bulhões;5212303
5312501;LUZIANIA;Luziânia;5212501
5312600;MAIRIPOTABA;Mairipotaba;5212600
5312709;MAMBAI;Mambaí;5212709
5312808;MARA ROSA;Mara Rosa;5212808
5312907;MARZAGAO;Marzagão;5212907
5312956;MATRINCHA;Matrinchã;5212956
5313004;MAURILANDIA;Maurilândia;5213004
5313053;MIMOSO DE GOIAS;Mimoso de Goiás;5213053
5313087;MINACU;Minaçu;5213087
5313103;MINEIROS;Mineiros;5213103
5313400;MOIPORA;Moiporá;5213400
5313509;MONTE ALEGRE DE GOIAS;Monte Alegre de Goiás;5213509
5313707;MONTES CLAROS DE GOIAS;Montes Claros de Goiás;5213707
5313756;MONTIVIDIU;Montividiu;5213756
5313772;MONTIVIDIU DO NORTE;Montividiu do Norte;5213772
5313806;MORRINHOS;Morrinhos;2308906
5313855;MORRO AGUDO DE GOIAS;Morro Agudo de Goiás;5213855
5313905;MOSSAMEDES;Mossâmedes;5213905
5314002;MOZARLANDIA;Mozarlândia;5214002
5314051;MUNDO NOVO;Mundo Novo;5005681
5314101;MUTUNOPOLIS;Mutunópolis;5214101
5314408;NAZARIO;Nazário;5214408
5314507;NEROPOLIS;Nerópolis;5214507
5314606;NIQUELANDIA;Niquelândia;5214606
5314705;NOVA AMERICA;Nova América;5214705
5314804;NOVA AURORA;Nova Aurora;5214804
5314838;NOVA CRIXAS;Nova Crixás;5214838
5314861;NOVA GLORIA;Nova Glória;5214861
5314879;NOVA IGUACU DE GOIAS;Nova Iguaçu de Goiás;5214879
5314903;NOVA ROMA;Nova Roma;5214903
5315009;NOVA VENEZA;Nova Veneza;5215009
5315207;NOVO BRASIL;Novo Brasil;5215207
5315231;NOVO GAMA;Novo Gama;5215231
5315256;NOVO PLANALTO;Novo Planalto;5215256
5315306;ORIZONA;Orizona;5215306
5315405;OURO VERDE DE GOIAS;Ouro Verde de Goiás;5215405
5315504;OUVIDOR;Ouvidor;5215504
5315603;PADRE BERNARDO;Padre Bernardo;5215603
5315652;PALESTINA DE GOIAS;Palestina de Goiás;5215652
5315702;PALMEIRAS DE GOIAS;Palmeiras de Goiás;5215702
5315801;PALMELO;Palmelo;5215801
5315900;PALMINOPOLIS;Palminópolis;5215900
5316007;PANAMA;Panamá;5216007
5316304;PARANAIGUARA;Paranaiguara;5216304
5316403;PARAUNA;Paraúna;5216403
5316452;PEROLANDIA;Perolândia;5216452
5316809;PETROLINA DE GOIAS;Petrolina de Goiás;5216809
5316908;PILAR DE GOIAS;Pilar de Goiás;5216908
5317104;PIRACANJUBA;Piracanjuba;5217104
5317203;PIRANHAS;Piranhas;2707107
5317302;PIRENOPOLIS;Pirenópolis;5217302
5317401;PIRES DO RIO;Pires do Rio;5217401
5317609;PLANALTINA;Planaltina;5217609
5317708;PONTALINA;Pontalina;5217708
5318003;PORANGATU;Porangatu;5218003
5318052;PORTEIRAO;Porteirão;5218052
5318102;PORTELANDIA;Portelândia;5218102
5318300;POSSE;Posse;5218300
5318391;PROFESSOR JAMIL;Professor Jamil;5218391
5318508;QUIRINOPOLIS;Quirinópolis;5218508
5318607;RIALMA;Rialma;5218607
5318706;RIANAPOLIS;Rianápolis;5218706
5318789;RIO QUENTE;Rio Quente;5218789
5318805;RIO VERDE;Rio Verde;5218805
5318904;RUBIATABA;Rubiataba;5218904
5319001;SANCLERLANDIA;Sanclerlândia;5219001
5319100;SANTA BARBARA DE GOIAS;Santa Bárbara de Goiás;5219100
5319209;SANTA CRUZ DE GOIAS;Santa Cruz de Goiás;5219209
5319258;SANTA FE DE GOIAS;Santa Fé de Goiás;5219258
5319308;SANTA HELENA DE GOIAS;Santa Helena de Goiás;5219308
5319357;SANTA ISABEL;Santa Isabel;5219357
5319407;SANTA RITA DO ARAGUAIA;Santa Rita do Araguaia;5219407
5319456;SANTA RITA DO NOVO DESTINO;Santa Rita do Novo Destino;5219456
5319506;SANTA ROSA DE GOIAS;Santa Rosa de Goiás;5219506
5319605;SANTA TEREZA DE GOIAS;Santa Tereza de Goiás;5219605
5319704;SANTA TEREZINHA DE GOIAS;Santa Terezinha de Goiás;5219704
5319712;SANTO ANTONIO DA BARRA;Santo Antônio da Barra;5219712
5319738;SANTO ANTONIO DE GOIAS;Santo Antônio de Goiás;5219738
5319753;SANTO ANTONIO DO DESCOBERTO;Santo Antônio do Descoberto;5219753
5319803;SAO DOMINGOS;São Domingos;2806800
5319902;SAO FRANCISCO DE GOIAS;São Francisco de Goiás;5219902
5320009;SAO JOAO D'ALIANCA;São João d'Aliança;5220009
5320058;SAO JOAO DA PARAUNA;São João da Paraúna;5220058
5320108;SAO LUIS DE MONTES BELOS;São Luís de Montes Belos;5220108
5320157;SAO LUIZ DO NORTE;São Luíz do Norte;5220157
5320207;SAO MIGUEL DO ARAGUAIA;São Miguel do Araguaia;5220207
5320264;SAO MIGUEL DO PASSA QUATRO;São Miguel do Passa Quatro;5220264
5320280;SAO PATRICIO;São Patrício;5220280
5320405;SAO SIMAO;São Simão;5220405
5320454;SENADOR CANEDO;Senador Canedo;5220454
5320504;SERRANOPOLIS;Serranópolis;5220504
5320603;SILVANIA;Silvânia;5220603
5320686;SIMOLANDIA;Simolândia;5220686
5320702;SITIO D'ABADIA;Sítio d'Abadia;5220702
5321007;TAQUARAL DE GOIAS;Taquaral de Goiás;5221007
5321080;TERESINA DE GOIAS;Teresina de Goiás;5221080
5321197;TEREZOPOLIS DE GOIAS;Terezópolis de Goiás;5221197
5321304;TRES RANCHOS;Três Ranchos;5221304
5321403;TRINDADE;Trindade;2615607
5321452;TROMBAS;Trombas;5221452
5321502;TURVANIA;Turvânia;5221502
5321551;TURVELANDIA;Turvelândia;5221551
5321577;UIRAPURU;Uirapuru;5221577
5321601;URUACU;Uruaçu;5221601
5321700;URUANA;Uruana;5221700
5321809;URUTAI;Urutaí;5221809
5321858;VALPARAISO DE GOIAS;Valparaíso de Goiás;5221858
5321908;VARJAO;Varjão;5221908
5322005;VIANOPOLIS;Vianópolis;5222005
5322054;VICENTINOPOLIS;Vicentinópolis;5222054
5322203;VILA BOA;Vila Boa;5222203
5322302;VILA PROPICIO;Vila Propício;5222302
9300000;EXTERIOR;Exterior;#N/D
5400108;BRASILIA;Brasília;5300108
5104526;IPIRANGA DO NORTE;Ipiranga do Norte;5104526
9999999;NAO DECLARADO;Município Não Declarado;#N/D
4123006;SALTO DO LONTRA;Salto do Lontra;4123006
4123105;SANTA AMELIA;Santa Amélia;4123105
4123204;SANTA CECILIA DO PAVAO;Santa Cecília do Pavão;4123204
4123303;SANTA CRUZ DE MONTE CASTELO;Santa Cruz de Monte Castelo;4123303
4123402;SANTA FE;Santa Fé;4123402
4123501;SANTA HELENA;Santa Helena;2109809
4123600;SANTA INES;Santa Inês;2109908
4123709;SANTA ISABEL DO IVAI;Santa Isabel do Ivaí;4123709
4123808;SANTA IZABEL DO OESTE;Santa Izabel do Oeste;4123808
4123824;SANTA LUCIA;Santa Lúcia;4123824
4123857;SANTA MARIA DO OESTE;Santa Maria do Oeste;4123857
4123907;SANTA MARIANA;Santa Mariana;4123907
4123956;SANTA MONICA;Santa Mônica;4123956
4124004;SANTANA DO ITARARE;Santana do Itararé;4124004
4124020;SANTA TEREZA DO OESTE;Santa Tereza do Oeste;4124020
4124053;SANTA TEREZINHA DE ITAIPU;Santa Terezinha de Itaipu;4124053
4124103;SANTO ANTONIO DA PLATINA;Santo Antônio da Platina;4124103
4124202;SANTO ANTONIO DO CAIUA;Santo Antônio do Caiuá;4124202
4124301;SANTO ANTONIO DO PARAISO;Santo Antônio do Paraíso;4124301
4124400;SANTO ANTONIO DO SUDOESTE;Santo Antônio do Sudoeste;4124400
4124509;SANTO INACIO;Santo Inácio;4124509
4124608;SAO CARLOS DO IVAI;São Carlos do Ivaí;4124608
4124707;SAO JERONIMO DA SERRA;São Jerônimo da Serra;4124707
4124806;SAO JOAO;São João;2613206
4124905;SAO JOAO DO CAIUA;São João do Caiuá;4124905
4125001;SAO JOAO DO IVAI;São João do Ivaí;4125001
4125100;SAO JOAO DO TRIUNFO;São João do Triunfo;4125100
4125209;SAO JORGE D'OESTE;São Jorge d'Oeste;4125209
4125308;SAO JORGE DO IVAI;São Jorge do Ivaí;4125308
4125357;SAO JORGE DO PATROCINIO;São Jorge do Patrocínio;4125357
4125407;SAO JOSE DA BOA VISTA;São José da Boa Vista;4125407
4125456;SAO JOSE DAS PALMEIRAS;São José das Palmeiras;4125456
4125506;SAO JOSE DOS PINHAIS;São José dos Pinhais;4125506
4125555;SAO MANOEL DO PARANA;São Manoel do Paraná;4125555
4125605;SAO MATEUS DO SUL;São Mateus do Sul;4125605
4125704;SAO MIGUEL DO IGUACU;São Miguel do Iguaçu;4125704
4125753;SAO PEDRO DO IGUACU;São Pedro do Iguaçu;4125753
4125803;SAO PEDRO DO IVAI;São Pedro do Ivaí;4125803
4125902;SAO PEDRO DO PARANA;São Pedro do Paraná;4125902
4126009;SAO SEBASTIAO DA AMOREIRA;São Sebastião da Amoreira;4126009
4126108;SAO TOME;São Tomé;2412906
4126207;SAPOPEMA;Sapopema;4126207
4126256;SARANDI;Sarandi;4126256
4126272;SAUDADE DO IGUACU;Saudade do Iguaçu;4126272
4126306;SENGES;Sengés;4126306
4126355;SERRANOPOLIS DO IGUACU;Serranópolis do Iguaçu;4126355
4126405;SERTANEJA;Sertaneja;4126405
4126504;SERTANOPOLIS;Sertanópolis;4126504
4126603;SIQUEIRA CAMPOS;Siqueira Campos;4126603
4126652;SULINA;Sulina;4126652
4126678;TAMARANA;Tamarana;4126678
4126702;TAMBOARA;Tamboara;4126702
4126801;TAPEJARA;Tapejara;4126801
4126900;TAPIRA;Tapira;4126900
4127007;TEIXEIRA SOARES;Teixeira Soares;4127007
4127106;TELEMACO BORBA;Telêmaco Borba;4127106
4127205;TERRA BOA;Terra Boa;4127205
4127304;TERRA RICA;Terra Rica;4127304
4127403;TERRA ROXA;Terra Roxa;4127403
4127502;TIBAGI;Tibagi;4127502
4127601;TIJUCAS DO SUL;Tijucas do Sul;4127601
4127700;TOLEDO;Toledo;4127700
4314464;PINHAL DA SERRA;Pinhal da Serra;4314464
4314472;PINHAL GRANDE;Pinhal Grande;4314472
4314498;PINHEIRINHO DO VALE;Pinheirinho do Vale;4314498
4314506;PINHEIRO MACHADO;Pinheiro Machado;4314506
4314548;PINTO BANDEIRA;Pinto Bandeira;#N/D
4314555;PIRAPO;Pirapó;4314555
4314605;PIRATINI;Piratini;4314605
4314704;PLANALTO;Planalto;4119806
4314753;POCO DAS ANTAS;Poço das Antas;4314753
4314779;PONTAO;Pontão;4314779
4314787;PONTE PRETA;Ponte Preta;4314787
4314803;PORTAO;Portão;4314803
4314902;PORTO ALEGRE;Porto Alegre;4314902
4315008;PORTO LUCENA;Porto Lucena;4315008
4315057;PORTO MAUA;Porto Mauá;4315057
4315073;PORTO VERA CRUZ;Porto Vera Cruz;4315073
4315107;PORTO XAVIER;Porto Xavier;4315107
4315131;POUSO NOVO;Pouso Novo;4315131
4315149;PRESIDENTE LUCENA;Presidente Lucena;4315149
4315156;PROGRESSO;Progresso;4315156
4315172;PROTASIO ALVES;Protásio Alves;4315172
4315206;PUTINGA;Putinga;4315206
4315305;QUARAI;Quaraí;4315305
4315313;QUATRO IRMAOS;Quatro Irmãos;4315313
4315321;QUEVEDOS;Quevedos;4315321
4315354;QUINZE DE NOVEMBRO;Quinze de Novembro;4315354
4315404;REDENTORA;Redentora;4315404
4315453;RELVADO;Relvado;4315453
4315503;RESTINGA SECA;Restinga Seca;4315503
4315552;RIO DOS INDIOS;Rio dos Índios;4315552
4315602;RIO GRANDE;Rio Grande;4315602
4315701;RIO PARDO;Rio Pardo;4315701
4315750;RIOZINHO;Riozinho;4315750
4315800;ROCA SALES;Roca Sales;4315800
4315909;RODEIO BONITO;Rodeio Bonito;4315909
4315958;ROLADOR;Rolador;4315958
4316006;ROLANTE;Rolante;4316006
4316105;RONDA ALTA;Ronda Alta;4316105
4316204;RONDINHA;Rondinha;4316204
4316303;ROQUE GONZALES;Roque Gonzales;4316303
4316402;ROSARIO DO SUL;Rosário do Sul;4316402
4316428;SAGRADA FAMILIA;Sagrada Família;4316428
4316436;SALDANHA MARINHO;Saldanha Marinho;4316436
4316451;SALTO DO JACUI;Salto do Jacuí;4316451
4316477;SALVADOR DAS MISSOES;Salvador das Missões;4316477
4316501;SALVADOR DO SUL;Salvador do Sul;4316501
4316600;SANANDUVA;Sananduva;4316600
4316709;SANTA BARBARA DO SUL;Santa Bárbara do Sul;4316709
4316733;SANTA CECILIA DO SUL;Santa Cecília do Sul;4316733
4316758;SANTA CLARA DO SUL;Santa Clara do Sul;4316758
4316808;SANTA CRUZ DO SUL;Santa Cruz do Sul;4316808
4316907;SANTA MARIA;Santa Maria;2409332
4316956;SANTA MARIA DO HERVAL;Santa Maria do Herval;4316956
4316972;SANTA MARGARIDA DO SUL;Santa Margarida do Sul;4316972
4317004;SANTANA DA BOA VISTA;Santana da Boa Vista;4317004
4317103;SANTANA DO LIVRAMENTO;Santana do Livramento;4317103
4317202;SANTA ROSA;Santa Rosa;4317202
4317251;SANTA TEREZA;Santa Tereza;4317251
4317301;SANTA VITORIA DO PALMAR;Santa Vitória do Palmar;4317301
4317400;SANTIAGO;Santiago;4317400
4317509;SANTO ANGELO;Santo Ângelo;4317509
4317558;SANTO ANTONIO DO PALMA;Santo Antônio do Palma;4317558
4317608;SANTO ANTONIO DA PATRULHA;Santo Antônio da Patrulha;4317608
4317707;SANTO ANTONIO DAS MISSOES;Santo Antônio das Missões;4317707
4317756;SANTO ANTONIO DO PLANALTO;Santo Antônio do Planalto;4317756
4317806;SANTO AUGUSTO;Santo Augusto;4317806
4317905;SANTO CRISTO;Santo Cristo;4317905
4317954;SANTO EXPEDITO DO SUL;Santo Expedito do Sul;4317954
4318002;SAO BORJA;São Borja;4318002
4318051;SAO DOMINGOS DO SUL;São Domingos do Sul;4318051
4318101;SAO FRANCISCO DE ASSIS;São Francisco de Assis;4318101
4318200;SAO FRANCISCO DE PAULA;São Francisco de Paula;4318200
4318309;SAO GABRIEL;São Gabriel;2929255
4318408;SAO JERONIMO;São Jerônimo;4318408
4318424;SAO JOAO DA URTIGA;São João da Urtiga;4318424
4318432;SAO JOAO DO POLESINE;São João do Polêsine;4318432
4318440;SAO JORGE;São Jorge;4318440
4318457;SAO JOSE DAS MISSOES;São José das Missões;4318457
4318465;SAO JOSE DO HERVAL;São José do Herval;4318465
4318481;SAO JOSE DO HORTENCIO;São José do Hortêncio;4318481
4318499;SAO JOSE DO INHACORA;São José do Inhacorá;4318499
4318507;SAO JOSE DO NORTE;São José do Norte;4318507
4318606;SAO JOSE DO OURO;São José do Ouro;4318606
4318614;SAO JOSE DO SUL;São José do Sul;4318614
4318622;SAO JOSE DOS AUSENTES;São José dos Ausentes;4318622
4318705;SAO LEOPOLDO;São Leopoldo;4318705
4318804;SAO LOURENCO DO SUL;São Lourenço do Sul;4318804
4318903;SAO LUIZ GONZAGA;São Luiz Gonzaga;4318903
4319000;SAO MARCOS;São Marcos;4319000
4319109;SAO MARTINHO;São Martinho;4217105
4319125;SAO MARTINHO DA SERRA;São Martinho da Serra;4319125
4319158;SAO MIGUEL DAS MISSOES;São Miguel das Missões;4319158
4319208;SAO NICOLAU;São Nicolau;4319208
4319307;SAO PAULO DAS MISSOES;São Paulo das Missões;4319307
4319356;SAO PEDRO DA SERRA;São Pedro da Serra;4319356
4319364;SAO PEDRO DAS MISSOES;São Pedro das Missões;4319364
4319372;SAO PEDRO DO BUTIA;São Pedro do Butiá;4319372
4319406;SAO PEDRO DO SUL;São Pedro do Sul;4319406
4319505;SAO SEBASTIAO DO CAI;São Sebastião do Caí;4319505
4319604;SAO SEPE;São Sepé;4319604
4319703;SAO VALENTIM;São Valentim;4319703
4319711;SAO VALENTIM DO SUL;São Valentim do Sul;4319711
4319737;SAO VALERIO DO SUL;São Valério do Sul;4319737
4319752;SAO VENDELINO;São Vendelino;4319752
4319802;SAO VICENTE DO SUL;São Vicente do Sul;4319802
4319901;SAPIRANGA;Sapiranga;4319901
4320008;SAPUCAIA DO SUL;Sapucaia do Sul;4320008
4320107;SARANDI;Sarandi;4126256
4320206;SEBERI;Seberi;4320206
4320230;SEDE NOVA;Sede Nova;4320230
4320263;SEGREDO;Segredo;4320263
4320305;SELBACH;Selbach;4320305
4320321;SENADOR SALGADO FILHO;Senador Salgado Filho;4320321
4320354;SENTINELA DO SUL;Sentinela do Sul;4320354
4320404;SERAFINA CORREA;Serafina Corrêa;4320404
4320453;SERIO;Sério;4320453
4320503;SERTAO;Sertão;4320503
4320552;SERTAO SANTANA;Sertão Santana;4320552
4320578;SETE DE SETEMBRO;Sete de Setembro;4320578
4320602;SEVERIANO DE ALMEIDA;Severiano de Almeida;4320602
4320651;SILVEIRA MARTINS;Silveira Martins;4320651
4320677;SINIMBU;Sinimbu;4320677
4320701;SOBRADINHO;Sobradinho;2930774
4320800;SOLEDADE;Soledade;2516102
4320859;TABAI;Tabaí;4320859
4320909;TAPEJARA;Tapejara;4126801
4321006;TAPERA;Tapera;4321006
4321105;TAPES;Tapes;4321105
4321204;TAQUARA;Taquara;4321204
4321303;TAQUARI;Taquari;4321303
4321329;TAQUARUCU DO SUL;Taquaruçu do Sul;4321329
4321352;TAVARES;Tavares;2516607
4321402;TENENTE PORTELA;Tenente Portela;4321402
4321436;TERRA DE AREIA;Terra de Areia;4321436
4321451;TEUTONIA;Teutônia;4321451
4321469;TIO HUGO;Tio Hugo;4321469
4321477;TIRADENTES DO SUL;Tiradentes do Sul;4321477
4321493;TOROPI;Toropi;4321493
4321501;TORRES;Torres;4321501
4321600;TRAMANDAI;Tramandaí;4321600
4321626;TRAVESSEIRO;Travesseiro;4321626
4321634;TRES ARROIOS;Três Arroios;4321634
4321667;TRES CACHOEIRAS;Três Cachoeiras;4321667
4321709;TRES COROAS;Três Coroas;4321709
4321808;TRES DE MAIO;Três de Maio;4321808
4321832;TRES FORQUILHAS;Três Forquilhas;4321832
4321857;TRES PALMEIRAS;Três Palmeiras;4321857
4321907;TRES PASSOS;Três Passos;4321907
4321956;TRINDADE DO SUL;Trindade do Sul;4321956
4322004;TRIUNFO;Triunfo;2615706
4322103;TUCUNDUVA;Tucunduva;4322103
4322152;TUNAS;Tunas;4322152
4322186;TUPANCI DO SUL;Tupanci do Sul;4322186
4322202;TUPANCIRETA;Tupanciretã;4322202
4322251;TUPANDI;Tupandi;4322251
4322301;TUPARENDI;Tuparendi;4322301
4322327;TURUCU;Turuçu;4322327
4322343;UBIRETAMA;Ubiretama;4322343
4322350;UNIAO DA SERRA;União da Serra;4322350
4322376;UNISTALDA;Unistalda;4322376
4322400;URUGUAIANA;Uruguaiana;4322400
4322509;VACARIA;Vacaria;4322509
4322525;VALE VERDE;Vale Verde;4322525
4302907;CACEQUI;Cacequi;4302907
4303004;CACHOEIRA DO SUL;Cachoeira do Sul;4303004
4303103;CACHOEIRINHA;Cachoeirinha;1703826
4303202;CACIQUE DOBLE;Cacique Doble;4303202
4303301;CAIBATE;Caibaté;4303301
4303400;CAICARA;Caiçara;2503605
4303509;CAMAQUA;Camaquã;4303509
4303558;CAMARGO;Camargo;4303558
4303608;CAMBARA DO SUL;Cambará do Sul;4303608
4303673;CAMPESTRE DA SERRA;Campestre da Serra;4303673
4303707;CAMPINA DAS MISSOES;Campina das Missões;4303707
4303806;CAMPINAS DO SUL;Campinas do Sul;4303806
4303905;CAMPO BOM;Campo Bom;4303905
4304002;CAMPO NOVO;Campo Novo;4304002
4304101;CAMPOS BORGES;Campos Borges;4304101
4304200;CANDELARIA;Candelária;4304200
4304309;CANDIDO GODOI;Cândido Godói;4304309
4304358;CANDIOTA;Candiota;4304358
4304408;CANELA;Canela;4304408
4304507;CANGUCU;Canguçu;4304507
4304606;CANOAS;Canoas;4304606
4304614;CANUDOS DO VALE;Canudos do Vale;4304614
4304622;CAPAO BONITO DO SUL;Capão Bonito do Sul;4304622
4304630;CAPAO DA CANOA;Capão da Canoa;4304630
4304655;CAPAO DO CIPO;Capão do Cipó;4304655
4304663;CAPAO DO LEAO;Capão do Leão;4304663
4304671;CAPIVARI DO SUL;Capivari do Sul;4304671
4304689;CAPELA DE SANTANA;Capela de Santana;4304689
4304697;CAPITAO;Capitão;4304697
4304705;CARAZINHO;Carazinho;4304705
4304713;CARAA;Caraá;4304713
4304804;CARLOS BARBOSA;Carlos Barbosa;4304804
4304853;CARLOS GOMES;Carlos Gomes;4304853
4304903;CASCA;Casca;4304903
4304952;CASEIROS;Caseiros;4304952
4305009;CATUIPE;Catuípe;4305009
4305108;CAXIAS DO SUL;Caxias do Sul;4305108
4305116;CENTENARIO;Centenário;1704105
4305124;CERRITO;Cerrito;4305124
4305132;CERRO BRANCO;Cerro Branco;4305132
4305157;CERRO GRANDE;Cerro Grande;4305157
4305173;CERRO GRANDE DO SUL;Cerro Grande do Sul;4305173
4305207;CERRO LARGO;Cerro Largo;4305207
4305306;CHAPADA;Chapada;4305306
4305355;CHARQUEADAS;Charqueadas;4305355
4305371;CHARRUA;Charrua;4305371
4305405;CHIAPETTA;Chiapetta;4305405
4305439;CHUI;Chuí;4305439
4305447;CHUVISCA;Chuvisca;4305447
4305454;CIDREIRA;Cidreira;4305454
4305504;CIRIACO;Ciríaco;4305504
4305587;COLINAS;Colinas;2103505
4305603;COLORADO;Colorado;4105904
4305702;CONDOR;Condor;4305702
4305801;CONSTANTINA;Constantina;4305801
4305835;COQUEIRO BAIXO;Coqueiro Baixo;4305835
4305850;COQUEIROS DO SUL;Coqueiros do Sul;4305850
4305871;CORONEL BARROS;Coronel Barros;4305871
4305900;CORONEL BICACO;Coronel Bicaco;4305900
4305934;CORONEL PILAR;Coronel Pilar;4305934
4305959;COTIPORA;Cotiporã;4305959
4305975;COXILHA;Coxilha;4305975
4306007;CRISSIUMAL;Crissiumal;4306007
4306056;CRISTAL;Cristal;4306056
4306072;CRISTAL DO SUL;Cristal do Sul;4306072
4306106;CRUZ ALTA;Cruz Alta;4306106
4306130;CRUZALTENSE;Cruzaltense;4306130
4306205;CRUZEIRO DO SUL;Cruzeiro do Sul;1200203
4306304;DAVID CANABARRO;David Canabarro;4306304
4306320;DERRUBADAS;Derrubadas;4306320
4306353;DEZESSEIS DE NOVEMBRO;Dezesseis de Novembro;4306353
4306379;DILERMANDO DE AGUIAR;Dilermando de Aguiar;4306379
4306403;DOIS IRMAOS;Dois Irmãos;4306403
4306429;DOIS IRMAOS DAS MISSOES;Dois Irmãos das Missões;4306429
4306452;DOIS LAJEADOS;Dois Lajeados;4306452
5106265;NOVO MUNDO;Novo Mundo;5106265
5106273;NOVO HORIZONTE DO NORTE;Novo Horizonte do Norte;5106273
5106281;NOVO SAO JOAQUIM;Novo São Joaquim;5106281
5106299;PARANAITA;Paranaíta;5106299
5106307;PARANATINGA;Paranatinga;5106307
5106315;NOVO SANTO ANTONIO;Novo Santo Antônio;5106315
5106372;PEDRA PRETA;Pedra Preta;5106372
5106422;PEIXOTO DE AZEVEDO;Peixoto de Azevedo;5106422
5106455;PLANALTO DA SERRA;Planalto da Serra;5106455
5106505;POCONE;Poconé;5106505
5106653;PONTAL DO ARAGUAIA;Pontal do Araguaia;5106653
5106703;PONTE BRANCA;Ponte Branca;5106703
5106752;PONTES E LACERDA;Pontes e Lacerda;5106752
5106778;PORTO ALEGRE DO NORTE;Porto Alegre do Norte;5106778
5106802;PORTO DOS GAUCHOS;Porto dos Gaúchos;5106802
5106828;PORTO ESPERIDIAO;Porto Esperidião;5106828
5106851;PORTO ESTRELA;Porto Estrela;5106851
5107008;POXOREO;Poxoréo;5107008
5107040;PRIMAVERA DO LESTE;Primavera do Leste;5107040
5107065;QUERENCIA;Querência;5107065
5107107;SAO JOSE DOS QUATRO MARCOS;São José dos Quatro Marcos;5107107
5107156;RESERVA DO CABACAL;Reserva do Cabaçal;5107156
5107180;RIBEIRAO CASCALHEIRA;Ribeirão Cascalheira;5107180
5107198;RIBEIRAOZINHO;Ribeirãozinho;5107198
5107206;RIO BRANCO;Rio Branco;1200401
5107248;SANTA CARMEM;Santa Carmem;5107248
5107263;SANTO AFONSO;Santo Afonso;5107263
5107297;SAO JOSE DO POVO;São José do Povo;5107297
5107305;SAO JOSE DO RIO CLARO;São José do Rio Claro;5107305
5107354;SAO JOSE DO XINGU;São José do Xingu;5107354
5107404;SAO PEDRO DA CIPA;São Pedro da Cipa;5107404
5107578;RONDOLANDIA;Rondolândia;5107578
5107602;RONDONOPOLIS;Rondonópolis;5107602
5107701;ROSARIO OESTE;Rosário Oeste;5107701
5107743;SANTA CRUZ DO XINGU;Santa Cruz do Xingu;5107743
5107750;SALTO DO CEU;Salto do Céu;5107750
5107768;SANTA RITA DO TRIVELATO;Santa Rita do Trivelato;5107768
5107776;SANTA TEREZINHA;Santa Terezinha;5107776
5107792;SANTO ANTONIO DO LESTE;Santo Antônio do Leste;5107792
5107800;SANTO ANTONIO DO LEVERGER;Santo Antônio do Leverger;5107800
5107859;SAO FELIX DO ARAGUAIA;São Félix do Araguaia;5107859
5107875;SAPEZAL;Sapezal;5107875
5107883;SERRA NOVA DOURADA;Serra Nova Dourada;5107883
5107909;SINOP;Sinop;5107909
5107925;SORRISO;Sorriso;5107925
5107941;TABAPORA;Tabaporã;5107941
5107958;TANGARA DA SERRA;Tangará da Serra;5107958
5108006;TAPURAH;Tapurah;5108006
5108055;TERRA NOVA DO NORTE;Terra Nova do Norte;5108055
5108105;TESOURO;Tesouro;5108105
5108204;TORIXOREU;Torixoréu;5108204
5108303;UNIAO DO SUL;União do Sul;5108303
5108352;VALE DE SAO DOMINGOS;Vale de São Domingos;5108352
5108402;VARZEA GRANDE;Várzea Grande;5108402
5108501;VERA;Vera;5108501
5108600;VILA RICA;Vila Rica;5108600
5108808;NOVA GUARITA;Nova Guarita;5108808
5108857;NOVA MARILANDIA;Nova Marilândia;5108857
5108907;NOVA MARINGA;Nova Maringá;5108907
5108956;NOVA MONTE VERDE;Nova Monte Verde;5108956
5200203;AGUA CLARA;Água Clara;5000203
5200252;ALCINOPOLIS;Alcinópolis;5000252
5200609;AMAMBAI;Amambaí;5000609
5200708;ANASTACIO;Anastácio;5000708
5200807;ANAURILANDIA;Anaurilândia;5000807
5200856;ANGELICA;Angélica;5000856
1504752;MOJUI DOS CAMPOS;Mojuí dos Campos;1504752
4311759;MANOEL VIANA;Manoel Viana;4311759
4311775;MAQUINE;Maquiné;4311775
4311791;MARATA;Maratá;4311791
4311809;MARAU;Marau;4311809
4311908;MARCELINO RAMOS;Marcelino Ramos;4311908
4311981;MARIANA PIMENTEL;Mariana Pimentel;4311981
4312005;MARIANO MORO;Mariano Moro;4312005
4312054;MARQUES DE SOUZA;Marques de Souza;4312054
4312104;MATA;Mata;4312104
4312138;MATO CASTELHANO;Mato Castelhano;4312138
4312153;MATO LEITAO;Mato Leitão;4312153
4312179;MATO QUEIMADO;Mato Queimado;4312179
4312203;MAXIMILIANO DE ALMEIDA;Maximiliano de Almeida;4312203
4312252;MINAS DO LEAO;Minas do Leão;4312252
4312302;MIRAGUAI;Miraguaí;4312302
4312351;MONTAURI;Montauri;4312351
4312377;MONTE ALEGRE DOS CAMPOS;Monte Alegre dos Campos;4312377
4312385;MONTE BELO DO SUL;Monte Belo do Sul;4312385
4312401;MONTENEGRO;Montenegro;4312401
4312427;MORMACO;Mormaço;4312427
4312443;MORRINHOS DO SUL;Morrinhos do Sul;4312443
4312450;MORRO REDONDO;Morro Redondo;4312450
4312476;MORRO REUTER;Morro Reuter;4312476
4312500;MOSTARDAS;Mostardas;4312500
4312609;MUCUM;Muçum;4312609
4312617;MUITOS CAPOES;Muitos Capões;4312617
4312625;MULITERNO;Muliterno;4312625
4312658;NAO-ME-TOQUE;Não-Me-Toque;4312658
4312674;NICOLAU VERGUEIRO;Nicolau Vergueiro;4312674
4312708;NONOAI;Nonoai;4312708
4312757;NOVA ALVORADA;Nova Alvorada;4312757
4312807;NOVA ARACA;Nova Araçá;4312807
4312906;NOVA BASSANO;Nova Bassano;4312906
4312955;NOVA BOA VISTA;Nova Boa Vista;4312955
4313003;NOVA BRESCIA;Nova Bréscia;4313003
4313011;NOVA CANDELARIA;Nova Candelária;4313011
4313037;NOVA ESPERANCA DO SUL;Nova Esperança do Sul;4313037
4313060;NOVA HARTZ;Nova Hartz;4313060
4313086;NOVA PADUA;Nova Pádua;4313086
4313102;NOVA PALMA;Nova Palma;4313102
4313201;NOVA PETROPOLIS;Nova Petrópolis;4313201
4313300;NOVA PRATA;Nova Prata;4313300
4313334;NOVA RAMADA;Nova Ramada;4313334
4313359;NOVA ROMA DO SUL;Nova Roma do Sul;4313359
4313375;NOVA SANTA RITA;Nova Santa Rita;2207959
4313391;NOVO CABRAIS;Novo Cabrais;4313391
4313409;NOVO HAMBURGO;Novo Hamburgo;4313409
4313425;NOVO MACHADO;Novo Machado;4313425
4313441;NOVO TIRADENTES;Novo Tiradentes;4313441
4313466;NOVO XINGU;Novo Xingu;4313466
4313490;NOVO BARREIRO;Novo Barreiro;4313490
4313508;OSORIO;Osório;4313508
4313607;PAIM FILHO;Paim Filho;4313607
4313656;PALMARES DO SUL;Palmares do Sul;4313656
4313706;PALMEIRA DAS MISSOES;Palmeira das Missões;4313706
4313805;PALMITINHO;Palmitinho;4313805
4313904;PANAMBI;Panambi;4313904
4313953;PANTANO GRANDE;Pantano Grande;4313953
4314001;PARAI;Paraí;4314001
4314027;PARAISO DO SUL;Paraíso do Sul;4314027
4314035;PARECI NOVO;Pareci Novo;4314035
4314050;PAROBE;Parobé;4314050
4314068;PASSA SETE;Passa Sete;4314068
4314076;PASSO DO SOBRADO;Passo do Sobrado;4314076
4314100;PASSO FUNDO;Passo Fundo;4314100
4314134;PAULO BENTO;Paulo Bento;4314134
4314159;PAVERAMA;Paverama;4314159
4314175;PEDRAS ALTAS;Pedras Altas;4314175
4314209;PEDRO OSORIO;Pedro Osório;4314209
4314308;PEJUCARA;Pejuçara;4314308
4314407;PELOTAS;Pelotas;4314407
4314423;PICADA CAFE;Picada Café;4314423
4314456;PINHAL;Pinhal;4314456
;;Nazária;2206720
;;Exterior;9999999
;;Paraíso das Águas;5006275
;;Pinto Bandeira;4314548
;;Balneário Rincão;4220000
;;Pescaria Brava;4212650
